1299 3 4
0.247517 0.427461 -0.930374
-1 -0.363636 0.777778 -0.529412 
0.210439 -0.901227 -0.972911
-1 -0.363636 1 -0.764706 
0.145167 0.227428 -0.821454
-1 -0.363636 1 -0.647059 
0.587608 0.0189718 -0.824717
-1 -0.272727 0.333333 -0.176471 
0.336219 0.385805 -0.50865
-1 -0.272727 0.777778 -0.294118 
0.235297 0.159684 -0.398532
-1 -0.272727 1 -0.411765 
0.957933 0.863057 -0.812433
-1 -0.181818 -0.111111 0.0588236 
0.713775 -0.425946 -0.557951
-1 -0.181818 0.333333 -0.0588235 
0.479901 0.339157 -0.25757
-1 -0.181818 0.777778 -0.176471 
0.380559 0.0937928 -0.146126
-1 -0.181818 1 -0.294118 
0.977019 -0.557055 -0.497246
-1 -0.0909091 0.111111 0.0588236 
0.841442 0.563011 -0.320311
-1 -0.0909091 0.333333 0.0588236 
0.745754 -0.683896 -0.223377
-1 -0.0909091 0.555556 -0.0588235 
0.777264 0.712774 0.088111
-1 -5.96046e-08 0.777778 -0.0588235 
0.681342 0.451658 0.202426
-1 -5.96046e-08 1 -0.176471 
0.937232 0.483232 0.22234
-1 0.090909 0.777778 -0.0588235 
0.843048 0.226078 0.338112
-1 0.090909 1 -0.176471 
0.147444 -0.701262 -0.941288
-0.9375 -0.363636 0.777778 -0.647059 
0.109463 0.427405 -0.780796
-0.9375 -0.363636 0.777778 -0.529412 
0.0655627 -0.901289 -0.816248
-0.9375 -0.363636 1 -0.764706 
0.0275817 0.227379 -0.655757
-0.9375 -0.363636 1 -0.647059 
0.589394 -0.224662 -0.969239
-0.9375 -0.272727 0.111111 -0.176471 
0.462736 0.0188996 -0.735799
-0.9375 -0.272727 0.333333 -0.176471 
0.270051 0.385754 -0.380879
-0.9375 -0.272727 0.777778 -0.294118 
0.189784 0.159621 -0.254908
-0.9375 -0.272727 1 -0.411765 
0.829569 0.862973 -0.788007
-0.9375 -0.181818 -0.111111 0.0588236 
0.633311 -0.426 -0.494993
-0.9375 -0.181818 0.333333 -0.0588235 
0.455152 0.339144 -0.158563
-0.9375 -0.181818 0.777778 -0.176471 
0.376672 0.0937796 -0.0315611
-0.9375 -0.181818 1 -0.294118 
0.903099 -0.557104 -0.480918
-0.9375 -0.0909091 0.111111 0.0588236 
0.800308 0.563005 -0.283127
-0.9375 -0.0909091 0.333333 0.0588236 
0.722906 -0.683895 -0.171051
-0.9375 -0.0909091 0.555556 -0.0588235 
0.985089 -0.405265 -0.176446
-0.9375 -5.96046e-08 0.333333 0.0588236 
0.808028 0.712838 0.130232
-0.9375 -5.96046e-08 0.777778 -0.0588235 
0.733415 0.451735 0.259467
-0.9375 -5.96046e-08 1 -0.176471 
0.988876 0.483325 0.234641
-0.9375 0.090909 0.777778 -0.0588235 
0.916226 0.22618 0.365009
-0.9375 0.090909 1 -0.176471 
0.0819407 -0.107026 -0.901605
-0.875 -0.363636 0.555556 -0.529412 
0.00903463 -0.701029 -0.774163
-0.875 -0.363636 0.777778 -0.647059 
-0.000499666 0.427636 -0.609516
-0.875 -0.363636 0.777778 -0.529412 
-0.0498893 -0.901052 -0.636806
-0.875 -0.363636 1 -0.764706 
-0.0594236 0.227612 -0.47216
-0.875 -0.363636 1 -0.647059 
0.439416 -0.224392 -0.878435
-0.875 -0.272727 0.111111 -0.176471 
0.355221 0.0191753 -0.62655
-0.875 -0.272727 0.333333 -0.176471 
0.227096 0.386028 -0.243567
-0.875 -0.272727 0.777778 -0.294118 
0.169924 0.159895 -0.105572
-0.875 -0.272727 1 -0.411765 
0.707415 0.863265 -0.741666
-0.875 -0.181818 -0.111111 0.0588236 
0.56502 -0.425726 -0.419027
-0.875 -0.181818 0.333333 -0.0588235 
0.447988 0.339375 -0.0567726
-0.875 -0.181818 0.777778 -0.176471 
0.392753 0.0940257 0.0819273
-0.875 -0.181818 1 -0.294118 
0.990636 -0.450655 -0.881965
-0.875 -0.0909091 -0.333333 0.0588236 
0.908706 -0.898243 -0.668402
-0.875 -0.0909091 -0.111111 0.0588236 
0.833151 -0.556822 -0.452016
-0.875 -0.0909091 0.111111 0.0588236 
0.766268 0.563247 -0.239383
-0.875 -0.0909091 0.333333 0.0588236 
0.709505 -0.683661 -0.115568
-0.875 -0.0909091 0.555556 -0.0588235 
0.966764 -0.405029 -0.166409
-0.875 -5.96046e-08 0.333333 0.0588236 
0.845648 0.713033 0.166355
-0.875 -5.96046e-08 0.777778 -0.0588235 
0.794609 0.451931 0.306582
-0.875 -5.96046e-08 1 -0.176471 
0.992969 0.226357 0.37878
-0.875 0.090909 1 -0.176471 
0.0150648 0.862914 -0.850352
-0.8125 -0.363636 0.333333 -0.411765 
-0.047907 -0.798214 -0.894566
-0.8125 -0.363636 0.555556 -0.647059 
-0.0485849 -0.107006 -0.723719
-0.8125 -0.363636 0.555556 -0.529412 
-0.098253 -0.701003 -0.585553
-0.8125 -0.363636 0.777778 -0.647059 
-0.0790525 0.42764 -0.421753
-0.8125 -0.363636 0.777778 -0.529412 
-0.13243 -0.901018 -0.440051
-0.8125 -0.363636 1 -0.764706 
-0.11323 0.227626 -0.276251
-0.8125 -0.363636 1 -0.647059 
0.30748 -0.224363 -0.762977
-0.8125 -0.272727 0.111111 -0.176471 
0.268302 0.0191733 -0.500297
-0.8125 -0.272727 0.333333 -0.176471 
0.208627 0.386 -0.100882
-0.8125 -0.272727 0.777778 -0.294118 
0.176285 0.159877 0.0449446
-0.8125 -0.272727 1 -0.411765 
0.595154 0.863243 -0.67482
-0.8125 -0.181818 -0.111111 0.0588236 
0.510948 -0.425755 -0.332356
-0.8125 -0.181818 0.333333 -0.0588235 
0.458599 0.33934 0.0447158
-0.8125 -0.181818 0.777778 -0.176471 
0.428289 0.09398 0.1909
-0.8125 -0.181818 1 -0.294118 
0.84971 -0.450655 -0.862168
-0.8125 -0.0909091 -0.333333 0.0588236 
0.806109 -0.89828 -0.637623
-0.8125 -0.0909091 -0.111111 0.0588236 
0.769277 -0.556882 -0.411406
-0.8125 -0.0909091 0.111111 0.0588236 
0.740333 0.563169 -0.190388
-0.8125 -0.0909091 0.333333 0.0588236 
0.705932 -0.683732 -0.0585978
-0.8125 -0.0909091 0.555556 -0.0588235 
0.950456 -0.405084 -0.153339
-0.8125 -5.96046e-08 0.333333 0.0588236 
0.888964 0.712937 0.1954
-0.8125 -5.96046e-08 0.777778 -0.0588235 
0.863051 0.451835 0.34236
-0.8125 -5.96046e-08 1 -0.176471 
-0.134548 0.171738 -0.829982
-0.75 -0.363636 0.333333 -0.529412 
-0.105547 0.862979 -0.661613
-0.75 -0.363636 0.333333 -0.411765 
-0.175241 -0.798182 -0.69422
-0.75 -0.363636 0.555556 -0.647059 
-0.14624 -0.106942 -0.525851
-0.75 -0.363636 0.555556 -0.529412 
-0.171161 -0.700932 -0.381159
-0.75 -0.363636 0.777778 -0.647059 
-0.123807 0.427745 -0.223183
-0.75 -0.363636 0.777778 -0.529412 
-0.179552 -0.900959 -0.231933
-0.75 -0.363636 1 -0.764706 
-0.132199 0.227716 -0.0739572
-0.75 -0.363636 1 -0.647059 
0.213728 0.334376 -0.890243
-0.75 -0.272727 -0.111111 -0.176471 
0.197602 -0.22426 -0.626344
-0.75 -0.272727 0.111111 -0.176471 
0.204633 0.0193075 -0.360855
-0.75 -0.272727 0.333333 -0.176471 
0.215223 0.386173 0.0428513
-0.75 -0.272727 0.777778 -0.294118 
0.208695 0.160046 0.192077
-0.75 -0.272727 1 -0.411765 
0.478787 -0.0939941 -0.976164
-0.75 -0.181818 -0.333333 -0.0588235 
0.496211 0.863449 -0.589485
-0.75 -0.181818 -0.111111 0.0588236 
0.472754 -0.425526 -0.237604
-0.75 -0.181818 0.333333 -0.0588235 
0.486678 0.339579 0.142828
-0.75 -0.181818 0.777778 -0.176471 
0.482213 0.0942119 0.292055
-0.75 -0.181818 1 -0.294118 
0.714365 -0.450495 -0.818186
-0.75 -0.0909091 -0.333333 0.0588236 
0.710419 -0.898078 -0.589483
-0.75 -0.0909091 -0.111111 0.0588236 
0.713429 -0.556639 -0.360308
-0.75 -0.0909091 0.111111 0.0588236 
0.723303 0.563432 -0.137625
-0.75 -0.0909091 0.333333 0.0588236 
0.712311 -0.683458 -0.00186276
-0.75 -0.0909091 0.555556 -0.0588235 
0.936666 0.565204 -0.675402
-0.75 -5.96046e-08 -0.333333 0.176471 
0.936666 0.576229 -0.46623
-0.75 -5.96046e-08 -0.111111 0.176471 
0.936666 -0.404854 -0.137625
-0.75 -5.96046e-08 0.333333 0.0588236 
0.936666 0.713198 0.216491
-0.75 -5.96046e-08 0.777778 -0.0588235 
0.936666 0.452077 0.365717
-0.75 -5.96046e-08 1 -0.176471 
-0.309664 0.171811 -0.957598
-0.6875 -0.363636 0.333333 -0.764706 
-0.289126 -0.0608988 -0.784896
-0.6875 -0.363636 0.333333 -0.647059 
-0.249354 0.171901 -0.615586
-0.6875 -0.363636 0.333333 -0.529412 
-0.191558 0.863135 -0.454812
-0.6875 -0.363636 0.333333 -0.411765 
-0.326844 -0.106943 -0.98768
-0.6875 -0.363636 0.555556 -1 
-0.326164 -0.79809 -0.816833
-0.6875 -0.363636 0.555556 -0.882353 
-0.265854 -0.798 -0.474821
-0.6875 -0.363636 0.555556 -0.647059 
-0.208057 -0.106768 -0.314047
-0.6875 -0.363636 0.555556 -0.529412 
-0.207474 -0.700764 -0.167226
-0.6875 -0.363636 0.777778 -0.647059 
-0.133408 0.427898 -0.0198736
-0.6875 -0.363636 0.777778 -0.529412 
-0.189826 -0.900797 -0.0188095
-0.6875 -0.363636 1 -0.764706 
-0.11576 0.227869 0.128543
-0.6875 -0.363636 1 -0.647059 
0.0317109 -0.446905 -0.897302
-0.6875 -0.272727 -0.111111 -0.294118 
0.0831633 0.334542 -0.735409
-0.6875 -0.272727 -0.111111 -0.176471 
0.113107 -0.224102 -0.47272
-0.6875 -0.272727 0.111111 -0.176471 
0.166133 0.0194529 -0.212485
-0.6875 -0.272727 0.333333 -0.176471 
0.246665 0.386302 0.183248
-0.6875 -0.272727 0.777778 -0.294118 
0.26615 0.160176 0.331341
-0.6875 -0.272727 1 -0.411765 
0.329275 -0.0938883 -0.866052
-0.6875 -0.181818 -0.333333 -0.0588235 
0.413581 0.863538 -0.488275
-0.6875 -0.181818 -0.111111 0.0588236 
0.451583 -0.425428 -0.137667
-0.6875 -0.181818 0.333333 -0.0588235 
0.531357 0.339672 0.234567
-0.6875 -0.181818 0.777778 -0.176471 
0.552873 0.0943167 0.382302
-0.6875 -0.181818 1 -0.294118 
0.560899 0.772603 -0.971177
-0.6875 -0.0909091 -0.555556 0.0588236 
0.588706 -0.450386 -0.751384
-0.6875 -0.0909091 -0.333333 0.0588236 
0.624533 -0.897976 -0.525471
-0.6875 -0.0909091 -0.111111 0.0588236 
0.667293 -0.556568 -0.300301
-0.6875 -0.0909091 0.111111 0.0588236 
0.715686 0.563497 -0.082716
-0.6875 -0.0909091 0.333333 0.0588236 
0.728435 -0.683393 0.0528921
-0.6875 -0.0909091 0.555556 -0.0588235 
0.832422 0.565312 -0.649374
-0.6875 -5.96046e-08 -0.333333 0.176471 
0.868744 0.576306 -0.443379
-0.6875 -5.96046e-08 -0.111111 0.176471 
0.925807 -0.404785 -0.119766
-0.6875 -5.96046e-08 0.333333 0.0588236 
0.987298 0.713235 0.228971
-0.6875 -5.96046e-08 0.777778 -0.0588235 
-0.474306 0.862943 -0.87899
-0.625 -0.363636 0.333333 -0.882353 
-0.443969 0.17179 -0.710857
-0.625 -0.363636 0.333333 -0.764706 
-0.393753 -0.0609252 -0.544344
-0.625 -0.363636 0.333333 -0.647059 
-0.325185 0.171868 -0.384512
-0.625 -0.363636 0.333333 -0.529412 
-0.240349 0.863098 -0.236217
-0.625 -0.363636 0.333333 -0.411765 
-0.466111 -0.106965 -0.737498
-0.625 -0.363636 0.555556 -1 
-0.435774 -0.798119 -0.569365
-0.625 -0.363636 0.555556 -0.882353 
-0.316991 -0.79804 -0.24302
-0.625 -0.363636 0.555556 -0.647059 
-0.232154 -0.10681 -0.0947244
-0.625 -0.363636 0.555556 -0.529412 
-0.206084 -0.700797 0.049765
-0.625 -0.363636 0.777778 -0.647059 
-0.107556 0.427866 0.182018
-0.625 -0.363636 0.777778 -0.529412 
-0.162931 -0.900822 0.192862
-0.625 -0.363636 1 -0.764706 
-0.0644032 0.227842 0.325115
-0.625 -0.363636 1 -0.647059 
-0.163838 -0.710126 -0.871328
-0.625 -0.272727 -0.111111 -0.411765 
-0.0973094 -0.446948 -0.710754
-0.625 -0.272727 -0.111111 -0.294118 
-0.0185262 0.334495 -0.560255
-0.625 -0.272727 -0.111111 -0.176471 
0.0565779 -0.224153 -0.306756
-0.625 -0.272727 0.111111 -0.176471 
0.153988 0.0194123 -0.0596824
-0.625 -0.272727 0.333333 -0.176471 
0.302014 0.386273 0.316054
-0.625 -0.272727 0.777778 -0.294118 
0.346919 0.160148 0.458514
-0.625 -0.272727 1 -0.411765 
0.129076 -0.941838 -0.884585
-0.625 -0.181818 -0.333333 -0.176471 
0.201162 -0.0939188 -0.731649
-0.625 -0.181818 -0.333333 -0.0588235 
0.349787 0.863514 -0.374248
-0.625 -0.181818 -0.111111 0.0588236 
0.448095 -0.425438 -0.0355662
-0.625 -0.181818 0.333333 -0.0588235 
0.591293 0.339676 0.31716
-0.625 -0.181818 0.777778 -0.176471 
0.638136 0.0943258 0.458915
-0.625 -0.181818 1 -0.294118 
0.411011 0.772581 -0.875395
-0.625 -0.0909091 -0.555556 0.0588236 
0.476562 -0.450404 -0.663769
-0.625 -0.0909091 -0.333333 0.0588236 
0.551075 -0.897975 -0.447509
-0.625 -0.0909091 -0.111111 0.0588236 
0.632286 -0.556531 -0.233185
-0.625 -0.0909091 0.111111 0.0588236 
0.717727 0.563548 -0.0273098
-0.625 -0.0909091 0.333333 0.0588236 
0.75383 -0.683342 0.104024
-0.625 -0.0909091 0.555556 -0.0588235 
0.609773 -0.192458 -0.947737
-0.625 -5.96046e-08 -0.555556 0.0588236 
0.734291 0.565326 -0.605628
-0.625 -5.96046e-08 -0.333333 0.176471 
0.805832 0.576351 -0.40907
-0.625 -5.96046e-08 -0.111111 0.176471 
0.918221 -0.404732 -0.100283
-0.625 -5.96046e-08 0.333333 0.0588236 
0.931722 0.338029 -0.677487
-0.625 0.090909 -0.333333 0.176471 
-0.592456 0.862944 -0.604836
-0.5625 -0.363636 0.333333 -0.882353 
-0.533382 0.171825 -0.444526
-0.5625 -0.363636 0.333333 -0.764706 
-0.455014 -0.060856 -0.289263
-0.5625 -0.363636 0.333333 -0.647059 
-0.359732 0.171972 -0.143767
-0.5625 -0.363636 0.333333 -0.529412 
-0.250432 0.863234 -0.0124574
-0.5625 -0.363636 0.333333 -0.411765 
-0.559816 -0.106971 -0.466917
-0.5625 -0.363636 0.555556 -1 
-0.500742 -0.79809 -0.306606
-0.5625 -0.363636 0.555556 -0.882353 
-0.327092 -0.797937 -0.00584787
-0.5625 -0.363636 0.555556 -0.647059 
-0.217792 -0.106675 0.125462
-0.5625 -0.363636 0.555556 -0.529412 
-0.167028 -0.700657 0.263229
-0.5625 -0.363636 0.777778 -0.647059 
-0.0470304 0.428038 0.376361
-0.5625 -0.363636 0.777778 -0.529412 
-0.0996825 -0.900667 0.396658
-0.5625 -0.363636 1 -0.764706 
0.0203149 0.228026 0.509791
-0.5625 -0.363636 1 -0.647059 
-0.430271 0.334276 -0.962469
-0.5625 -0.272727 -0.111111 -0.647059 
-0.365619 -0.447041 -0.805379
-0.5625 -0.272727 -0.111111 -0.529412 
-0.285373 -0.710087 -0.651201
-0.5625 -0.272727 -0.111111 -0.411765 
-0.19197 -0.446866 -0.50462
-0.5625 -0.272727 -0.111111 -0.294118 
-0.0882491 0.334622 -0.370089
-0.5625 -0.272727 -0.111111 -0.176471 
-0.470269 -0.224486 -0.999487
-0.5625 -0.272727 0.111111 -0.882353 
0.0297345 -0.223979 -0.133485
-0.5625 -0.272727 0.111111 -0.176471 
0.168569 0.019632 0.0929177
-0.5625 -0.272727 0.333333 -0.176471 
0.379592 0.386531 0.437239
-0.5625 -0.272727 0.777778 -0.294118 
0.448552 0.160406 0.569736
-0.5625 -0.272727 1 -0.411765 
0.000790715 -0.941744 -0.715121
-0.5625 -0.181818 -0.333333 -0.176471 
0.0983386 -0.0937805 -0.577027
-0.5625 -0.181818 -0.333333 -0.0588235 
0.306767 0.863735 -0.250869
-0.5625 -0.181818 -0.111111 0.0588236 
0.462392 -0.425161 0.0655943
-0.5625 -0.181818 0.333333 -0.0588235 
0.664665 0.339974 0.388092
-0.5625 -0.181818 0.777778 -0.176471 
0.735411 0.0946127 0.519558
-0.5625 -0.181818 1 -0.294118 
0.189068 -0.115922 -0.896925
-0.5625 -0.0909091 -0.555556 -0.0588235 
0.280036 0.772748 -0.755033
-0.5625 -0.0909091 -0.555556 0.0588236 
0.38134 -0.450209 -0.558006
-0.5625 -0.0909091 -0.333333 0.0588236 
0.492273 -0.897759 -0.357973
-0.5625 -0.0909091 -0.111111 0.0588236 
0.609466 -0.556298 -0.161008
-0.5625 -0.0909091 0.111111 0.0588236 
0.729359 0.56379 0.0269017
-0.5625 -0.0909091 0.333333 0.0588236 
0.78772 -0.68309 0.149971
-0.5625 -0.0909091 0.555556 -0.0588235 
0.463216 -0.192326 -0.860791
-0.5625 -5.96046e-08 -0.555556 0.0588236 
0.645247 0.565521 -0.545504
-0.5625 -5.96046e-08 -0.333333 0.176471 
0.749832 0.576565 -0.364357
-0.5625 -5.96046e-08 -0.111111 0.176471 
0.914133 -0.404504 -0.079779
-0.5625 -5.96046e-08 0.333333 0.0588236 
0.650867 -0.408109 -0.969133
-0.5625 0.090909 -0.555556 0.0588236 
0.827201 0.338207 -0.650556
-0.5625 0.090909 -0.333333 0.176471 
0.931702 0.349079 -0.469362
-0.5625 0.090909 -0.111111 0.176471 
-0.661205 0.863068 -0.314338
-0.5 -0.363636 0.333333 -0.882353 
-0.575191 0.171971 -0.166723
-0.5 -0.363636 0.333333 -0.764706 
-0.471052 -0.0606933 -0.0274295
-0.5 -0.363636 0.333333 -0.647059 
-0.351953 0.172149 0.0993093
-0.5 -0.363636 0.333333 -0.529412 
-0.221513 0.863418 0.209643
-0.5 -0.363636 0.333333 -0.411765 
-0.605111 -0.106826 -0.184183
-0.5 -0.363636 0.555556 -1 
-0.519097 -0.797926 -0.0365672
-0.5 -0.363636 0.555556 -0.882353 
-0.29586 -0.79775 0.229465
-0.5 -0.363636 0.555556 -0.647059 
-0.16542 -0.10648 0.339798
-0.5 -0.363636 0.555556 -0.529412 
-0.0915038 -0.700465 0.466658
-0.5 -0.363636 0.777778 -0.647059 
0.046315 0.428231 0.557233
-0.5 -0.363636 0.777778 -0.529412 
-0.00201106 -0.900478 0.586365
-0.5 -0.363636 1 -0.764706 
0.135808 0.228217 0.676941
-0.5 -0.363636 1 -0.647059 
-0.563587 0.334442 -0.694703
-0.5 -0.272727 -0.111111 -0.647059 
-0.472639 -0.446856 -0.551227
-0.5 -0.272727 -0.111111 -0.529412 
-0.36684 -0.709884 -0.413328
-0.5 -0.272727 -0.111111 -0.411765 
-0.249404 -0.446653 -0.285194
-0.5 -0.272727 -0.111111 -0.294118 
-0.123899 0.334839 -0.17072
-0.5 -0.272727 -0.111111 -0.176471 
-0.609405 -0.224339 -0.724211
-0.5 -0.272727 0.111111 -0.882353 
0.0333771 -0.223765 0.0418009
-0.5 -0.272727 0.111111 -0.176471 
0.209415 0.0198101 0.240655
-0.5 -0.272727 0.333333 -0.176471 
0.477025 0.386679 0.543103
-0.5 -0.272727 0.777778 -0.294118 
0.567945 0.160568 0.661612
-0.5 -0.272727 1 -0.411765 
-0.415767 -0.0940348 -0.930898
-0.5 -0.181818 -0.333333 -0.529412 
-0.31936 -0.941789 -0.792003
-0.5 -0.181818 -0.333333 -0.411765 
-0.0961251 -0.941561 -0.525969
-0.5 -0.181818 -0.333333 -0.176471 
0.0239197 -0.0935872 -0.406912
-0.5 -0.181818 -0.333333 -0.0588235 
0.285817 0.863933 -0.121905
-0.5 -0.181818 -0.111111 0.0588236 
0.49403 -0.425014 0.162727
-0.5 -0.181818 0.333333 -0.0588235 
0.749231 0.340099 0.445201
-0.5 -0.181818 0.777778 -0.176471 
0.841731 0.0947409 0.562385
-0.5 -0.181818 1 -0.294118 
-0.0559168 -0.415149 -0.869024
-0.5 -0.0909091 -0.555556 -0.176471 
0.0577203 -0.115812 -0.737702
-0.5 -0.0909091 -0.555556 -0.0588235 
0.171946 0.772872 -0.613762
-0.5 -0.0909091 -0.555556 0.0588236 
0.305922 -0.450068 -0.437322
-0.5 -0.0909091 -0.333333 0.0588236 
0.449905 -0.897602 -0.259592
-0.5 -0.0909091 -0.111111 0.0588236 
0.59952 -0.556153 -0.0859715
-0.5 -0.0909091 0.111111 0.0588236 
0.750221 0.563921 0.0782638
-0.5 -0.0909091 0.333333 0.0588236 
0.829065 -0.682968 0.18933
-0.5 -0.0909091 0.555556 -0.0588235 
0.333975 -0.192214 -0.749722
-0.5 -5.96046e-08 -0.555556 0.0588236 
0.567988 0.565652 -0.470835
-0.5 -5.96046e-08 -0.333333 0.176471 
0.70244 0.576691 -0.310602
-0.5 -5.96046e-08 -0.111111 0.176471 
0.913661 -0.404366 -0.0588792
-0.5 -5.96046e-08 0.333333 0.0588236 
0.499963 -0.408028 -0.889002
-0.5 0.090909 -0.555556 0.0588236 
0.728936 0.338299 -0.605885
-0.5 0.090909 -0.333333 0.176471 
0.863314 0.349177 -0.445592
-0.5 0.090909 -0.111111 0.176471 
0.88895 0.844142 -0.740154
-0.5 0.181818 -0.333333 0.176471 
-0.678472 0.863018 -0.0163216
-0.4375 -0.363636 0.333333 -0.882353 
-0.568132 0.171918 0.114115
-0.4375 -0.363636 0.333333 -0.764706 
-0.441387 -0.0607462 0.233209
-0.4375 -0.363636 0.333333 -0.647059 
-0.302089 0.172096 0.337342
-0.4375 -0.363636 0.333333 -0.529412 
-0.154471 0.863369 0.423348
-0.4375 -0.363636 0.333333 -0.411765 
-0.600629 -0.106889 0.102117
-0.4375 -0.363636 0.555556 -1 
-0.490288 -0.797987 0.232554
-0.4375 -0.363636 0.555556 -0.882353 
-0.224246 -0.797806 0.455781
-0.4375 -0.363636 0.555556 -0.647059 
-0.0766274 -0.106533 0.541787
-0.4375 -0.363636 0.555556 -0.529412 
0.0181946 -0.700522 0.653884
-0.4375 -0.363636 0.777778 -0.647059 
0.169648 0.428178 0.719151
-0.4375 -0.363636 0.777778 -0.529412 
0.127114 -0.900541 0.756233
-0.4375 -0.363636 1 -0.764706 
0.278568 0.228159 0.821501
-0.4375 -0.363636 1 -0.647059 
-0.648388 0.334378 -0.407859
-0.4375 -0.272727 -0.111111 -0.647059 
-0.533907 -0.446923 -0.282356
-0.4375 -0.272727 -0.111111 -0.529412 
-0.405768 -0.709953 -0.164923
-0.4375 -0.272727 -0.111111 -0.411765 
-0.267865 -0.446721 -0.059128
-0.4375 -0.272727 -0.111111 -0.294118 
-0.124388 0.334773 0.0318139
-0.4375 -0.272727 -0.111111 -0.176471 
-0.698633 -0.224398 -0.428963
-0.4375 -0.272727 0.111111 -0.882353 
0.0674022 -0.223824 0.213796
-0.4375 -0.272727 0.111111 -0.176471 
0.275297 0.0197653 0.37906
-0.4375 -0.272727 0.333333 -0.176471 
0.591359 0.386642 0.630442
-0.4375 -0.272727 0.777778 -0.294118 
0.701478 0.160514 0.731364
-0.4375 -0.272727 1 -0.411765 
-0.543828 -0.0941019 -0.666135
-0.4375 -0.181818 -0.333333 -0.529412 
-0.424767 -0.941858 -0.546091
-0.4375 -0.181818 -0.333333 -0.411765 
-0.158726 -0.941636 -0.322861
-0.4375 -0.181818 -0.333333 -0.176471 
-0.0198308 -0.0936604 -0.226459
-0.4375 -0.181818 -0.333333 -0.0588235 
-0.697213 0.863026 -0.817578
-0.4375 -0.181818 -0.111111 -0.882353 
0.28758 0.863855 0.00874174
-0.4375 -0.181818 -0.111111 0.0588236 
0.542057 -0.425089 0.252894
-0.4375 -0.181818 0.333333 -0.0588235 
0.842432 0.340032 0.486763
-0.4375 -0.181818 0.777778 -0.176471 
0.953875 0.094685 0.586104
-0.4375 -0.181818 1 -0.294118 
-0.433968 0.772331 -0.895551
-0.4375 -0.0909091 -0.555556 -0.411765 
-0.310024 -0.11613 -0.781325
-0.4375 -0.0909091 -0.555556 -0.294118 
-0.178699 -0.415234 -0.667688
-0.4375 -0.0909091 -0.555556 -0.176471 
-0.0439842 -0.115893 -0.558094
-0.4375 -0.0909091 -0.555556 -0.0588235 
0.0900283 0.772795 -0.455872
-0.4375 -0.0909091 -0.555556 0.0588236 
-0.513422 -0.45082 -0.948144
-0.4375 -0.0909091 -0.333333 -0.647059 
0.252609 -0.45015 -0.305376
-0.4375 -0.0909091 -0.333333 0.0588236 
-0.559522 -0.898559 -0.981674
-0.4375 -0.0909091 -0.111111 -0.882353 
0.425268 -0.897693 -0.155347
-0.4375 -0.0909091 -0.111111 0.0588236 
0.602759 -0.556233 -0.0103444
-0.4375 -0.0909091 0.111111 0.0588236 
0.77969 0.56386 0.125227
-0.4375 -0.0909091 0.333333 0.0588236 
0.876623 -0.683032 0.220914
-0.4375 -0.0909091 0.555556 -0.0588235 
0.225988 -0.192271 -0.617904
-0.4375 -5.96046e-08 -0.555556 0.0588236 
0.504876 0.565582 -0.38389
-0.4375 -5.96046e-08 -0.333333 0.176471 
0.665109 0.57662 -0.249438
-0.4375 -5.96046e-08 -0.111111 0.176471 
0.916833 -0.404454 -0.0382167
-0.4375 -5.96046e-08 0.333333 0.0588236 
0.365267 -0.408028 -0.783892
-0.4375 0.090909 -0.555556 0.0588236 
0.639924 0.338305 -0.544838
-0.4375 0.090909 -0.333333 0.176471 
0.800096 0.349168 -0.410313
-0.4375 0.090909 -0.111111 0.176471 
0.503634 0.131986 -0.948792
-0.4375 0.181818 -0.555556 0.0588236 
0.774191 0.844117 -0.704852
-0.4375 0.181818 -0.333333 0.176471 
0.934302 0.854484 -0.570256
-0.4375 0.181818 -0.111111 0.176471 
0.826352 0.33593 -0.989144
-0.4375 0.272727 -0.333333 0.0588236 
-0.643717 0.863047 0.280169
-0.375 -0.363636 0.333333 -0.882353 
-0.512403 0.171967 0.389464
-0.375 -0.363636 0.333333 -0.764706 
-0.366903 -0.0606801 0.484738
-0.375 -0.363636 0.333333 -0.647059 
-0.21164 0.17218 0.563099
-0.375 -0.363636 0.333333 -0.529412 
-0.0513296 0.863467 0.622164
-0.375 -0.363636 0.333333 -0.411765 
-0.54649 -0.10686 0.383291
-0.375 -0.363636 0.555556 -1 
-0.415176 -0.797941 0.492585
-0.375 -0.363636 0.555556 -0.882353 
-0.114412 -0.797729 0.666221
-0.375 -0.363636 0.555556 -0.647059 
0.0458976 -0.106441 0.725286
-0.375 -0.363636 0.555556 -0.529412 
0.158744 -0.700423 0.819214
-0.375 -0.363636 0.777778 -0.647059 
0.31923 0.428286 0.857189
-0.375 -0.363636 0.777778 -0.529412 
0.283782 -0.900439 0.901094
-0.375 -0.363636 1 -0.764706 
0.444267 0.228269 0.93907
-0.375 -0.363636 1 -0.647059 
-0.682079 0.334419 -0.110645
-0.375 -0.272727 -0.111111 -0.647059 
-0.547545 -0.446862 -0.0069285
-0.375 -0.272727 -0.111111 -0.529412 
-0.400961 -0.709873 0.0864686
-0.375 -0.272727 -0.111111 -0.411765 
-0.246783 -0.446627 0.166709
-0.375 -0.272727 -0.111111 -0.294118 
-0.0896943 0.334881 0.231354
-0.375 -0.272727 -0.111111 -0.176471 
-0.735227 -0.224409 -0.122702
-0.375 -0.272727 0.111111 -0.882353 
0.130783 -0.223725 0.377266
-0.375 -0.272727 0.111111 -0.176471 
0.364217 0.0198822 0.503919
-0.375 -0.272727 0.333333 -0.176471 
0.719129 0.386773 0.696598
-0.375 -0.272727 0.777778 -0.294118 
0.8451 0.160642 0.776865
-0.375 -0.272727 1 -0.411765 
-0.623959 -0.0940653 -0.383153
-0.375 -0.181818 -0.333333 -0.529412 
-0.485861 -0.941803 -0.285608
-0.375 -0.181818 -0.333333 -0.411765 
-0.185099 -0.941545 -0.111969
-0.375 -0.181818 -0.333333 -0.176471 
-0.0315745 -0.0935546 -0.0411511
-0.375 -0.181818 -0.333333 -0.0588235 
-0.801311 0.863027 -0.50566
-0.375 -0.181818 -0.111111 -0.882353 
0.312006 0.863977 0.137094
-0.375 -0.181818 -0.111111 0.0588236 
0.605011 -0.424966 0.333346
-0.375 -0.181818 0.333333 -0.0588235 
0.941432 0.340165 0.5115
-0.375 -0.181818 0.777778 -0.176471 
-0.555605 0.77242 -0.628161
-0.375 -0.0909091 -0.555556 -0.411765 
-0.413709 -0.116018 -0.537193
-0.375 -0.0909091 -0.555556 -0.294118 
-0.264648 -0.415104 -0.448088
-0.375 -0.0909091 -0.555556 -0.176471 
-0.11295 -0.115751 -0.363552
-0.375 -0.0909091 -0.555556 -0.0588235 
0.0367763 0.772945 -0.286155
-0.375 -0.0909091 -0.555556 0.0588236 
-0.642984 -0.45077 -0.666157
-0.375 -0.0909091 -0.333333 -0.647059 
0.223019 -0.449996 -0.166177
-0.375 -0.0909091 -0.333333 0.0588236 
-0.694206 -0.898525 -0.691172
-0.375 -0.0909091 -0.111111 -0.882353 
0.419106 -0.897537 -0.0484103
-0.375 -0.0909091 -0.111111 0.0588236 
0.619079 -0.556083 0.0635684
-0.375 -0.0909091 0.111111 0.0588236 
0.816862 0.563991 0.166356
-0.375 -0.0909091 0.333333 0.0588236 
0.928939 -0.682904 0.243757
-0.375 -0.0909091 0.555556 -0.0588235 
-0.449847 -0.19269 -0.811341
-0.375 -5.96046e-08 -0.555556 -0.411765 
0.142533 -0.192165 -0.469331
-0.375 -5.96046e-08 -0.555556 0.0588236 
-0.655492 0.5647 -0.930071
-0.375 -5.96046e-08 -0.333333 -0.764706 
0.457818 0.565694 -0.287301
-0.375 -5.96046e-08 -0.333333 0.176471 
-0.687828 0.575558 -0.94874
-0.375 -5.96046e-08 -0.111111 -1 
0.638964 0.576748 -0.182716
-0.375 -5.96046e-08 -0.111111 0.176471 
0.923542 -0.404319 -0.0184158
-0.375 -5.96046e-08 0.333333 0.0588236 
-0.341504 -0.408545 -0.998997
-0.375 0.090909 -0.555556 -0.411765 
0.250874 -0.408022 -0.656982
-0.375 0.090909 -0.555556 0.0588236 
0.562869 0.338336 -0.469254
-0.375 0.090909 -0.333333 0.176471 
0.743967 0.349218 -0.364586
-0.375 0.090909 -0.111111 0.176471 
0.220413 -0.716001 -0.940953
-0.375 0.181818 -0.555556 -0.0588235 
0.358506 0.131989 -0.843405
-0.375 0.181818 -0.555556 0.0588236 
0.66731 0.844154 -0.650152
-0.375 0.181818 -0.333333 0.176471 
0.84836 0.854538 -0.545403
-0.375 0.181818 -0.111111 0.176471 
0.669316 0.335942 -0.93918
-0.375 0.272727 -0.333333 0.0588236 
0.873057 -0.05761 -0.834669
-0.375 0.272727 -0.111111 0.0588236 
-0.55801 0.863065 0.566121
-0.3125 -0.363636 0.333333 -0.882353 
-0.409711 0.171995 0.650952
-0.3125 -0.363636 0.333333 -0.764706 
-0.249878 -0.0606414 0.719513
-0.3125 -0.363636 0.333333 -0.647059 
-0.0833657 0.172229 0.769722
-0.3125 -0.363636 0.333333 -0.529412 
0.0847653 0.863526 0.800052
-0.3125 -0.363636 0.333333 -0.411765 
-0.444353 -0.106847 0.650793
-0.3125 -0.363636 0.555556 -1 
-0.296055 -0.797918 0.735624
-0.3125 -0.363636 0.555556 -0.882353 
0.0302913 -0.797683 0.854394
-0.3125 -0.363636 0.555556 -0.647059 
0.198422 -0.106384 0.884724
-0.3125 -0.363636 0.555556 -0.529412 
0.325866 -0.700375 0.957629
-0.3125 -0.363636 0.777778 -0.647059 
0.490507 0.428346 0.967159
-0.3125 -0.363636 0.777778 -0.529412 
-0.663653 0.334405 0.187908
-0.3125 -0.272727 -0.111111 -0.647059 
-0.513152 -0.44686 0.266686
-0.3125 -0.272727 -0.111111 -0.529412 
-0.352576 -0.709857 0.33321
-0.3125 -0.272727 -0.111111 -0.411765 
-0.186806 -0.446592 0.385458
-0.3125 -0.272727 -0.111111 -0.294118 
-0.0208784 0.334934 0.421842
-0.3125 -0.272727 -0.111111 -0.176471 
-0.718087 -0.224426 0.185263
-0.3125 -0.272727 0.111111 -0.882353 
0.221586 -0.223648 0.527252
-0.3125 -0.272727 0.111111 -0.176471 
0.473467 0.0199677 0.611445
-0.3125 -0.272727 0.333333 -0.176471 
0.856447 0.386859 0.739567
-0.3125 -0.272727 0.777778 -0.294118 
0.994441 0.16073 0.79674
-0.3125 -0.272727 1 -0.411765 
-0.653735 -0.0940938 -0.0905523
-0.3125 -0.181818 -0.333333 -0.529412 
-0.500796 -0.941813 -0.0184696
-0.3125 -0.181818 -0.333333 -0.411765 
-0.174451 -0.941512 0.100304
-0.3125 -0.181818 -0.333333 -0.176471 
-0.0109613 -0.0935017 0.143387
-0.3125 -0.181818 -0.333333 -0.0588235 
-0.849669 0.862936 -0.180401
-0.3125 -0.181818 -0.111111 -0.882353 
0.358352 0.864067 0.259261
-0.3125 -0.181818 -0.111111 0.0588236 
0.680985 -0.424828 0.401651
-0.3125 -0.181818 0.333333 -0.0588235 
-0.628963 0.77237 -0.343708
-0.3125 -0.0909091 -0.555556 -0.411765 
-0.473427 -0.116042 -0.278762
-0.3125 -0.0909091 -0.555556 -0.294118 
-0.311156 -0.415102 -0.216894
-0.3125 -0.0909091 -0.555556 -0.176471 
-0.147083 -0.115723 -0.159985
-0.3125 -0.0909091 -0.555556 -0.0588235 
0.0138084 0.773002 -0.109764
-0.3125 -0.0909091 -0.555556 0.0588236 
-0.721614 -0.450835 -0.365953
-0.3125 -0.0909091 -0.333333 -0.647059 
0.218055 -0.449907 -0.0239504
-0.3125 -0.0909091 -0.333333 0.0588236 
-0.776402 -0.898622 -0.381693
-0.3125 -0.0909091 -0.111111 -0.882353 
0.431613 -0.897427 0.0579765
-0.3125 -0.0909091 -0.111111 0.0588236 
0.647991 -0.555953 0.133528
-0.3125 -0.0909091 0.111111 0.0588236 
0.860618 0.564136 0.200409
-0.3125 -0.0909091 0.333333 0.0588236 
0.984432 -0.682757 0.257172
-0.3125 -0.0909091 0.555556 -0.0588235 
-0.556619 -0.192696 -0.542471
-0.3125 -5.96046e-08 -0.555556 -0.411765 
0.0861496 -0.192063 -0.308523
-0.3125 -5.96046e-08 -0.555556 0.0588236 
-0.779758 0.564651 -0.623687
-0.3125 -5.96046e-08 -0.333333 -0.764706 
0.428252 0.565837 -0.184008
-0.3125 -5.96046e-08 -0.333333 0.176471 
-0.814846 0.575466 -0.636458
-0.3125 -5.96046e-08 -0.111111 -1 
0.624806 0.576885 -0.112468
-0.3125 -5.96046e-08 -0.111111 0.176471 
0.933589 -0.404195 -7.9751e-05
-0.3125 -5.96046e-08 0.333333 0.0588236 
-0.48251 -0.408535 -0.74609
-0.3125 0.090909 -0.555556 -0.411765 
0.160257 -0.407935 -0.512137
-0.3125 0.090909 -0.555556 0.0588236 
-0.707897 0.33734 -0.821127
-0.3125 0.090909 -0.333333 -0.764706 
0.500108 0.338464 -0.381438
-0.3125 0.090909 -0.333333 0.176471 
-0.743015 0.348026 -0.833808
-0.3125 0.090909 -0.111111 -1 
0.696628 0.349368 -0.309809
-0.3125 0.090909 -0.111111 0.176471 
-0.408883 0.131537 -0.948374
-0.3125 0.181818 -0.555556 -0.411765 
-0.245392 -0.71618 -0.905286
-0.3125 0.181818 -0.555556 -0.294118 
0.0809472 -0.715891 -0.786502
-0.3125 0.181818 -0.555556 -0.0588235 
0.23388 0.132107 -0.714417
-0.3125 0.181818 -0.555556 0.0588236 
0.571548 0.844284 -0.577723
-0.3125 0.181818 -0.333333 0.176471 
0.768037 0.854663 -0.506007
-0.3125 0.181818 -0.111111 0.176471 
0.154286 0.629937 -0.988002
-0.3125 0.272727 -0.555556 -0.0588235 
0.387486 -0.940006 -0.951353
-0.3125 0.272727 -0.333333 -0.0588235 
0.523332 0.336022 -0.862709
-0.3125 0.272727 -0.333333 0.0588236 
0.742124 -0.0575429 -0.795166
-0.3125 0.272727 -0.111111 0.0588236 
0.954509 0.242729 -0.70864
-0.3125 0.272727 0.111111 0.0588236 
-0.423949 0.863031 0.832841
-0.25 -0.363636 0.333333 -0.882353 
-0.263172 0.171969 0.890631
-0.25 -0.363636 0.333333 -0.764706 
-0.0938613 -0.0606608 0.930396
-0.25 -0.363636 0.333333 -0.647059 
0.0788397 0.172215 0.950926
-0.25 -0.363636 0.333333 -0.529412 
0.249683 0.863519 0.9516
-0.25 -0.363636 0.333333 -0.411765 
-0.297316 -0.106876 0.89649
-0.25 -0.363636 0.555556 -1 
-0.136539 -0.797938 0.95428
-0.25 -0.363636 0.555556 -0.882353 
-0.593663 0.334393 0.478716
-0.25 -0.272727 -0.111111 -0.647059 
-0.431768 -0.446866 0.530163
-0.25 -0.272727 -0.111111 -0.529412 
-0.262081 -0.709857 0.567793
-0.25 -0.272727 -0.111111 -0.411765 
-0.0897567 -0.446589 0.590461
-0.25 -0.272727 -0.111111 -0.294118 
0.0799681 0.334939 0.597479
-0.25 -0.272727 -0.111111 -0.176471 
-0.64773 -0.224464 0.485564
-0.25 -0.272727 0.111111 -0.882353 
0.337054 -0.223656 0.659185
-0.25 -0.272727 0.111111 -0.176471 
0.599727 0.0199647 0.69836
-0.25 -0.272727 0.333333 -0.176471 
0.999135 0.386848 0.758031
-0.25 -0.272727 0.777778 -0.294118 
-0.632251 -0.094106 0.202763
-0.25 -0.181818 -0.333333 -0.529412 
-0.469118 -0.941823 0.247193
-0.25 -0.181818 -0.333333 -0.411765 
-0.127107 -0.94152 0.307493
-0.25 -0.181818 -0.333333 -0.176471 
0.0413804 -0.0935099 0.321532
-0.25 -0.181818 -0.333333 -0.0588235 
-0.84081 0.862918 0.148303
-0.25 -0.181818 -0.111111 -0.882353 
0.425204 0.864049 0.371515
-0.25 -0.181818 -0.111111 0.0588236 
0.767663 -0.424889 0.455718
-0.25 -0.181818 0.333333 -0.0588235 
-0.651816 0.77228 -0.0508476
-0.25 -0.0909091 -0.555556 -0.411765 
-0.487364 -0.116136 -0.0138969
-0.25 -0.0909091 -0.555556 -0.294118 
-0.316815 -0.415192 0.0188527
-0.25 -0.0909091 -0.555556 -0.176471 
-0.145352 -0.115808 0.0464059
-0.25 -0.0909091 -0.555556 -0.0588235 
0.0218166 0.772923 0.0679262
-0.25 -0.0909091 -0.555556 0.0588236 
-0.746922 -0.450912 -0.056667
-0.25 -0.0909091 -0.333333 -0.647059 
0.237862 -0.449966 0.116969
-0.25 -0.0909091 -0.333333 0.0588236 
-0.803612 -0.898667 -0.0626542
-0.25 -0.0909091 -0.111111 -0.882353 
0.462401 -0.89746 0.160567
-0.25 -0.0909091 -0.111111 0.0588236 
0.688611 -0.555956 0.197397
-0.25 -0.0909091 0.111111 0.0588236 
0.90962 0.564135 0.226339
-0.25 -0.0909091 0.333333 0.0588236 
-0.615085 -0.192714 -0.259154
-0.25 -5.96046e-08 -0.555556 -0.411765 
0.0585439 -0.192063 -0.140375
-0.25 -5.96046e-08 -0.555556 0.0588236 
-0.848937 0.564616 -0.300389
-0.25 -5.96046e-08 -0.333333 -0.764706 
0.417071 0.565846 -0.0771571
-0.25 -5.96046e-08 -0.333333 0.176471 
-0.885709 0.575453 -0.306872
-0.25 -5.96046e-08 -0.111111 -1 
0.62306 0.576918 -0.0408357
-0.25 -5.96046e-08 -0.111111 0.176471 
0.946669 -0.404144 0.0162252
-0.25 -5.96046e-08 0.333333 0.0588236 
-0.577457 -0.408571 -0.472548
-0.25 0.090909 -0.555556 -0.411765 
0.0961717 -0.40791 -0.353763
-0.25 0.090909 -0.555556 0.0588236 
-0.812451 0.337261 -0.507307
-0.25 0.090909 -0.333333 -0.764706 
0.453556 0.338502 -0.284064
-0.25 0.090909 -0.333333 0.176471 
-0.849239 0.347927 -0.513698
-0.25 0.090909 -0.111111 -1 
0.659528 0.349419 -0.247648
-0.25 0.090909 -0.111111 0.176471 
0.984614 -0.616726 -0.198976
-0.25 0.090909 0.333333 0.0588236 
-0.540075 0.131449 -0.684544
-0.25 0.181818 -0.555556 -0.411765 
-0.371585 -0.716256 -0.6705
-0.25 0.181818 -0.555556 -0.294118 
-0.0295761 -0.715936 -0.610188
-0.25 0.181818 -0.555556 -0.0588235 
0.133551 0.13208 -0.565754
-0.25 0.181818 -0.555556 0.0588236 
-0.776176 0.843112 -0.713024
-0.25 0.181818 -0.333333 -0.764706 
0.489827 0.8443 -0.489772
-0.25 0.181818 -0.333333 0.176471 
-0.81298 0.853293 -0.719325
-0.25 0.181818 -0.111111 -1 
0.695783 0.854703 -0.453264
-0.25 0.181818 -0.111111 0.176471 
-0.334349 0.629643 -0.881675
-0.25 0.272727 -0.555556 -0.294118 
-0.162026 0.366661 -0.858999
-0.25 0.272727 -0.555556 -0.176471 
0.00765872 0.629935 -0.821361
-0.25 0.272727 -0.555556 -0.0588235 
-0.591918 0.33519 -0.935722
-0.25 0.272727 -0.333333 -0.647059 
-0.429944 -0.940593 -0.944559
-0.25 0.272727 -0.333333 -0.529412 
0.243681 -0.940013 -0.825764
-0.25 0.272727 -0.333333 -0.0588235 
0.392856 0.336033 -0.762056
-0.25 0.272727 -0.333333 0.0588236 
-0.645948 -0.05861 -0.956793
-0.25 0.272727 -0.111111 -0.882353 
0.620054 -0.0575215 -0.733531
-0.25 0.272727 -0.111111 0.0588236 
0.844236 0.242774 -0.685199
-0.25 0.272727 0.111111 0.0588236 
0.771814 0.469157 -0.984226
-0.25 0.363636 0.111111 -0.0588235 
-0.474239 0.334404 0.752957
-0.1875 -0.272727 -0.111111 -0.647059 
-0.30587 -0.446852 0.77551
-0.1875 -0.272727 -0.111111 -0.529412 
-0.132227 -0.709839 0.783102
-0.1875 -0.272727 -0.111111 -0.411765 
0.0414153 -0.446568 0.775502
-0.1875 -0.272727 -0.111111 -0.294118 
0.20978 0.334962 0.752941
-0.1875 -0.272727 -0.111111 -0.176471 
-0.526295 -0.224432 0.76909
-0.1875 -0.272727 0.111111 -0.882353 
0.473674 -0.223616 0.769066
-0.1875 -0.272727 0.111111 -0.176471 
0.739159 0.0199881 0.762034
-0.1875 -0.272727 0.333333 -0.176471 
-0.56016 -0.0940836 0.487897
-0.1875 -0.181818 -0.333333 -0.529412 
-0.391791 -0.941797 0.503324
-0.1875 -0.181818 -0.333333 -0.411765 
-0.0445051 -0.941492 0.503319
-0.1875 -0.181818 -0.333333 -0.176471 
0.12386 -0.0934814 0.487886
-0.1875 -0.181818 -0.333333 -0.0588235 
-0.775006 0.862962 0.47048
-0.1875 -0.181818 -0.111111 -0.882353 
0.51053 0.86409 0.47046
-0.1875 -0.181818 -0.111111 0.0588236 
0.862407 -0.424837 0.493916
-0.1875 -0.181818 0.333333 -0.0588235 
-0.623467 0.772363 0.241537
-0.1875 -0.0909091 -0.555556 -0.411765 
-0.455098 -0.11605 0.249369
-0.1875 -0.0909091 -0.555556 -0.294118 
-0.281455 -0.41511 0.252006
-0.1875 -0.0909091 -0.555556 -0.176471 
-0.107812 -0.115731 0.249367
-0.1875 -0.0909091 -0.555556 -0.0588235 
0.0605525 0.772992 0.241531
-0.1875 -0.0909091 -0.555556 0.0588236 
-0.718139 -0.450842 0.252321
-0.1875 -0.0909091 -0.333333 -0.647059 
0.281831 -0.449923 0.252313
-0.1875 -0.0909091 -0.333333 0.0588236 
-0.775007 -0.898642 0.256269
-0.1875 -0.0909091 -0.111111 -0.882353 
0.510531 -0.897455 0.256259
-0.1875 -0.0909091 -0.111111 0.0588236 
0.739701 -0.555981 0.253248
-0.1875 -0.0909091 0.111111 0.0588236 
0.962379 0.564114 0.243373
-0.1875 -0.0909091 0.333333 0.0588236 
-0.623468 -0.192743 0.030017
-0.1875 -5.96046e-08 -0.555556 -0.411765 
0.0605527 -0.192106 0.030017
-0.1875 -5.96046e-08 -0.555556 0.0588236 
-0.860927 0.564599 0.030017
-0.1875 -5.96046e-08 -0.333333 -0.764706 
0.424611 0.5658 0.030017
-0.1875 -5.96046e-08 -0.333333 0.176471 
-0.898266 0.575431 0.030017
-0.1875 -5.96046e-08 -0.111111 -1 
0.633779 0.576857 0.030017
-0.1875 -5.96046e-08 -0.111111 0.176471 
0.962379 -0.404209 0.030017
-0.1875 -5.96046e-08 0.333333 0.0588236 
-0.623468 -0.40859 -0.186669
-0.1875 0.090909 -0.555556 -0.411765 
0.0605526 -0.407965 -0.186663
-0.1875 0.090909 -0.555556 0.0588236 
-0.860928 0.337254 -0.180093
-0.1875 0.090909 -0.333333 -0.764706 
0.424611 0.338425 -0.180083
-0.1875 0.090909 -0.333333 0.176471 
-0.898267 0.347926 -0.179999
-0.1875 0.090909 -0.111111 -1 
0.633779 0.349321 -0.179987
-0.1875 0.090909 -0.111111 0.176471 
0.96238 -0.616843 -0.188505
-0.1875 0.090909 0.333333 0.0588236 
-0.623469 0.131384 -0.401937
-0.1875 0.181818 -0.555556 -0.411765 
-0.4551 -0.716335 -0.417364
-0.1875 0.181818 -0.555556 -0.294118 
-0.107813 -0.716038 -0.417359
-0.1875 0.181818 -0.555556 -0.0588235 
0.0605525 0.13197 -0.401926
-0.1875 0.181818 -0.555556 0.0588236 
-0.860929 0.843066 -0.388985
-0.1875 0.181818 -0.333333 -0.764706 
0.424611 0.844171 -0.388965
-0.1875 0.181818 -0.333333 0.176471 
-0.898268 0.853256 -0.3888
-0.1875 0.181818 -0.111111 -1 
0.63378 0.85457 -0.388776
-0.1875 0.181818 -0.111111 0.176471 
0.962381 -0.0673258 -0.405553
-0.1875 0.181818 0.333333 0.0588236 
-0.4551 0.629512 -0.631799
-0.1875 0.272727 -0.555556 -0.294118 
-0.281456 0.366518 -0.639391
-0.1875 0.272727 -0.555556 -0.176471 
-0.107813 0.629787 -0.631791
-0.1875 0.272727 -0.555556 -0.0588235 
-0.718141 0.335112 -0.640297
-0.1875 0.272727 -0.333333 -0.647059 
-0.560162 -0.940683 -0.677126
-0.1875 0.272727 -0.333333 -0.529412 
0.12386 -0.940142 -0.677111
-0.1875 0.272727 -0.333333 -0.0588235 
0.281832 0.335903 -0.640275
-0.1875 0.272727 -0.333333 0.0588236 
-0.775009 -0.0586537 -0.651664
-0.1875 0.272727 -0.111111 -0.882353 
0.510531 -0.0576436 -0.651635
-0.1875 0.272727 -0.111111 0.0588236 
0.739702 0.242646 -0.642967
-0.1875 0.272727 0.111111 0.0588236 
-0.391793 0.619682 -0.918556
-0.1875 0.363636 -0.333333 -0.411765 
-0.218149 0.387048 -0.928316
-0.1875 0.363636 -0.333333 -0.294118 
-0.044506 0.619921 -0.918546
-0.1875 0.363636 -0.333333 -0.176471 
-0.632221 0.559283 -0.92109
-0.1875 0.363636 -0.111111 -0.764706 
-0.474242 -0.569223 -0.968436
-0.1875 0.363636 -0.111111 -0.647059 
0.20978 -0.568747 -0.968416
-0.1875 0.363636 -0.111111 -0.176471 
0.367752 0.559979 -0.921061
-0.1875 0.363636 -0.111111 -0.0588235 
-0.669086 0.468129 -0.924915
-0.1875 0.363636 0.111111 -1 
0.616454 0.469026 -0.924877
-0.1875 0.363636 0.111111 -0.0588235 
0.739161 -0.847336 -0.980105
-0.1875 0.363636 0.333333 -0.176471 
0.998171 0.0711925 -0.941568
-0.1875 0.363636 0.555556 -0.176471 
-0.139284 -0.44721 0.995278
-0.125 -0.272727 -0.111111 -0.529412 
0.0330437 -0.710207 0.972601
-0.125 -0.272727 -0.111111 -0.411765 
0.202732 -0.446933 0.934963
-0.125 -0.272727 -0.111111 -0.294118 
0.364625 0.334611 0.883508
-0.125 -0.272727 -0.111111 -0.176471 
0.627313 -0.223941 0.853561
-0.125 -0.272727 0.111111 -0.176471 
0.887547 0.0197042 0.800533
-0.125 -0.272727 0.333333 -0.176471 
-0.439659 -0.0944356 0.756188
-0.125 -0.181818 -0.333333 -0.529412 
-0.271165 -0.942171 0.742144
-0.125 -0.181818 -0.333333 -0.411765 
0.0708508 -0.941876 0.681831
-0.125 -0.181818 -0.333333 -0.176471 
0.233982 -0.0938517 0.637396
-0.125 -0.181818 -0.333333 -0.0588235 
-0.654272 0.862672 0.776343
-0.125 -0.181818 -0.111111 -0.882353 
0.611759 0.863765 0.553088
-0.125 -0.181818 -0.111111 0.0588236 
0.962366 -0.425122 0.515084
-0.125 -0.181818 0.333333 -0.0588235 
-0.544785 0.771981 0.524561
-0.125 -0.0909091 -0.555556 -0.411765 
-0.37761 -0.116455 0.503037
-0.125 -0.0909091 -0.555556 -0.294118 
-0.206143 -0.415525 0.47548
-0.125 -0.0909091 -0.555556 -0.176471 
-0.0355935 -0.116146 0.442727
-0.125 -0.0909091 -0.555556 -0.0588235 
0.128857 0.772593 0.405774
-0.125 -0.0909091 -0.555556 0.0588236 
-0.636148 -0.451192 0.551621
-0.125 -0.0909091 -0.333333 -0.647059 
0.34865 -0.450299 0.377967
-0.125 -0.0909091 -0.333333 0.0588236 
-0.691469 -0.898912 0.565383
-0.125 -0.0909091 -0.111111 -0.882353 
0.574561 -0.897773 0.342138
-0.125 -0.0909091 -0.111111 0.0588236 
0.799729 -0.556246 0.299377
-0.125 -0.0909091 0.111111 0.0588236 
-0.581515 -0.19306 0.316249
-0.125 -5.96046e-08 -0.555556 -0.411765 
0.0921255 -0.192444 0.197469
-0.125 -5.96046e-08 -0.555556 0.0588236 
-0.815372 0.564357 0.357485
-0.125 -5.96046e-08 -0.333333 -0.764706 
0.450659 0.565518 0.134249
-0.125 -5.96046e-08 -0.333333 0.176471 
-0.852145 0.575241 0.363969
-0.125 -5.96046e-08 -0.111111 -1 
0.65665 0.576635 0.0979273
-0.125 -5.96046e-08 -0.111111 0.176471 
0.980261 -0.404377 0.0408654
-0.125 -5.96046e-08 0.333333 0.0588236 
-0.619143 -0.408893 0.102851
-0.125 0.090909 -0.555556 -0.411765 
0.0544991 -0.408282 -0.0159245
-0.125 0.090909 -0.555556 0.0588236 
-0.851858 0.337025 0.150563
-0.125 0.090909 -0.333333 -0.764706 
0.414174 0.338168 -0.0726625
-0.125 0.090909 -0.333333 0.176471 
-0.888615 0.347744 0.15714
-0.125 0.090909 -0.111111 -1 
0.620183 0.34911 -0.108889
-0.125 0.090909 -0.111111 0.176471 
0.942314 -0.617002 -0.174339
-0.125 0.090909 0.333333 0.0588236 
-0.656525 0.131122 -0.109148
-0.125 0.181818 -0.555556 -0.411765 
-0.493389 -0.716614 -0.153579
-0.125 0.181818 -0.555556 -0.294118 
-0.151372 -0.716323 -0.21388
-0.125 0.181818 -0.555556 -0.0588235 
0.017118 0.131696 -0.227919
-0.125 0.181818 -0.555556 0.0588236 
-0.888132 0.842868 -0.0551574
-0.125 0.181818 -0.333333 -0.764706 
0.377902 0.843953 -0.278373
-0.125 0.181818 -0.333333 0.176471 
-0.924874 0.853076 -0.04849
-0.125 0.181818 -0.111111 -1 
0.583928 0.854372 -0.314509
-0.125 0.181818 -0.111111 0.176471 
0.904625 -0.0674723 -0.388091
-0.125 0.181818 0.333333 0.0588236 
-0.530626 0.629303 -0.364759
-0.125 0.272727 -0.555556 -0.294118 
-0.360935 0.366305 -0.402389
-0.125 0.272727 -0.555556 -0.176471 
-0.188608 0.629573 -0.425058
-0.125 0.272727 -0.555556 -0.0588235 
-0.791151 0.334938 -0.32745
-0.125 0.272727 -0.333333 -0.647059 
-0.641965 -0.940877 -0.391153
-0.125 0.272727 -0.333333 -0.529412 
0.0316771 -0.940347 -0.509919
-0.125 0.272727 -0.333333 -0.0588235 
0.193648 0.335713 -0.501074
-0.125 0.272727 -0.333333 0.0588236 
-0.84913 -0.0587931 -0.328768
-0.125 0.272727 -0.111111 -0.882353 
0.416902 -0.0578043 -0.551974
-0.125 0.272727 -0.111111 0.0588236 
0.644098 0.24252 -0.583231
-0.125 0.272727 0.111111 0.0588236 
0.996536 0.131055 -0.648643
-0.125 0.272727 0.555556 -0.0588235 
-0.518076 0.619517 -0.658154
-0.125 0.363636 -0.333333 -0.411765 
-0.348763 0.386878 -0.697919
-0.125 0.363636 -0.333333 -0.294118 
-0.176059 0.619749 -0.718451
-0.125 0.363636 -0.333333 -0.176471 
-0.755295 0.55915 -0.618898
-0.125 0.363636 -0.111111 -0.764706 
-0.607936 -0.569376 -0.692959
-0.125 0.363636 -0.111111 -0.647059 
0.0657064 -0.568916 -0.811721
-0.125 0.363636 -0.111111 -0.176471 
0.229504 0.559823 -0.792516
-0.125 0.363636 -0.111111 -0.0588235 
-0.792267 0.468013 -0.616261
-0.125 0.363636 0.111111 -1 
0.473767 0.468879 -0.83946
-0.125 0.363636 0.111111 -0.0588235 
0.58502 -0.84747 -0.915156
-0.125 0.363636 0.333333 -0.176471 
0.846789 0.0710877 -0.92218
-0.125 0.363636 0.555556 -0.176471 
0.984956 -0.522887 -0.971848
-0.125 0.363636 0.777778 -0.294118 
0.539768 0.334891 0.985187
-0.0625 -0.272727 -0.111111 -0.176471 
0.793263 -0.223688 0.910082
-0.0625 -0.272727 0.111111 -0.176471 
-0.27439 -0.0941019 0.999461
-0.0625 -0.181818 -0.333333 -0.529412 
-0.110898 -0.941827 0.956372
-0.0625 -0.181818 -0.333333 -0.411765 
0.215443 -0.941541 0.837588
-0.0625 -0.181818 -0.333333 -0.176471 
0.368376 -0.0935383 0.765502
-0.0625 -0.181818 -0.333333 -0.0588235 
0.725768 0.864025 0.616878
-0.0625 -0.181818 -0.111111 0.0588236 
-0.41814 0.77231 0.789611
-0.0625 -0.0909091 -0.555556 -0.411765 
-0.257246 -0.116115 0.739386
-0.0625 -0.0909091 -0.555556 -0.294118 
-0.0931716 -0.415186 0.682474
-0.0625 -0.0909091 -0.555556 -0.176471 
0.0690969 -0.115814 0.620604
-0.0625 -0.0909091 -0.555556 -0.0588235 
0.224629 0.772902 0.555657
-0.0625 -0.0909091 -0.555556 0.0588236 
-0.503415 -0.450909 0.832125
-0.0625 -0.0909091 -0.333333 -0.647059 
0.436253 -0.450037 0.490106
-0.0625 -0.0909091 -0.333333 0.0588236 
-0.555503 -0.898674 0.855285
-0.0625 -0.0909091 -0.111111 -0.882353 
0.652509 -0.897545 0.415594
-0.0625 -0.0909091 -0.111111 0.0588236 
0.86683 -0.556077 0.334383
-0.0625 -0.0909091 0.111111 0.0588236 
-0.490486 -0.192865 0.590846
-0.0625 -5.96046e-08 -0.555556 -0.411765 
0.152288 -0.192257 0.356896
-0.0625 -5.96046e-08 -0.555556 0.0588236 
-0.713627 0.564515 0.672063
-0.0625 -5.96046e-08 -0.333333 -0.764706 
0.494393 0.56566 0.232379
-0.0625 -5.96046e-08 -0.333333 0.176471 
-0.748714 0.575389 0.684834
-0.0625 -5.96046e-08 -0.111111 -1 
0.690947 0.576741 0.16084
-0.0625 -5.96046e-08 -0.111111 0.176471 
0.999732 -0.404293 0.0484507
-0.0625 -5.96046e-08 0.333333 0.0588236 
-0.564597 -0.408683 0.387227
-0.0625 0.090909 -0.555556 -0.411765 
0.0781783 -0.408077 0.153281
-0.0625 0.090909 -0.555556 0.0588236 
-0.785488 0.337192 0.474622
-0.0625 0.090909 -0.333333 -0.764706 
0.422534 0.338336 0.0349488
-0.0625 0.090909 -0.333333 0.176471 
-0.820543 0.347879 0.487482
-0.0625 0.090909 -0.111111 -1 
0.619122 0.349248 -0.0365006
-0.0625 0.090909 -0.111111 0.176471 
0.924993 -0.616894 -0.156893
-0.0625 0.090909 0.333333 0.0588236 
-0.638224 0.131301 0.18494
-0.0625 0.181818 -0.555556 -0.411765 
-0.485284 -0.716427 0.112857
-0.0625 0.181818 -0.555556 -0.294118 
-0.158937 -0.716134 -0.00591815
-0.0625 0.181818 -0.555556 -0.0588235 
0.00455391 0.131877 -0.049001
-0.0625 0.181818 -0.555556 0.0588236 
-0.856934 0.843027 0.278327
-0.0625 0.181818 -0.333333 -0.764706 
0.351092 0.84411 -0.161337
-0.0625 0.181818 -0.333333 0.176471 
-0.891957 0.853237 0.291272
-0.0625 0.181818 -0.111111 -1 
0.54771 0.854526 -0.232699
-0.0625 0.181818 -0.111111 0.176471 
0.850757 -0.0673482 -0.360852
-0.0625 0.181818 0.333333 0.0588236 
-0.558624 0.629459 -0.0886474
-0.0625 0.272727 -0.555556 -0.294118 
-0.398047 0.366465 -0.155172
-0.0625 0.272727 -0.555556 -0.176471 
-0.232276 0.629734 -0.207419
-0.0625 0.272727 -0.555556 -0.0588235 
-0.808709 0.335083 -0.00666666
-0.0625 0.272727 -0.333333 -0.647059 
-0.672853 -0.940718 -0.0953068
-0.0625 0.272727 -0.333333 -0.529412 
-0.0300754 -0.940181 -0.329242
-0.0625 0.272727 -0.333333 -0.0588235 
0.130969 0.335865 -0.348657
-0.0625 0.272727 -0.333333 0.0588236 
-0.866035 -0.0586578 0.00210309
-0.0625 0.272727 -0.111111 -0.882353 
0.341991 -0.0576578 -0.437552
-0.0625 0.272727 -0.111111 0.0588236 
0.560306 0.242635 -0.507787
-0.0625 0.272727 0.111111 0.0588236 
0.896029 0.131147 -0.633405
-0.0625 0.272727 0.555556 -0.0588235 
-0.597211 0.619628 -0.379764
-0.0625 0.363636 -0.333333 -0.411765 
-0.437376 0.386997 -0.448326
-0.0625 0.363636 -0.333333 -0.294118 
-0.270863 0.61987 -0.498534
-0.0625 0.363636 -0.333333 -0.176471 
-0.824008 0.559245 -0.299913
-0.0625 0.363636 -0.111111 -0.764706 
-0.691749 -0.569267 -0.398436
-0.0625 0.363636 -0.111111 -0.647059 
-0.0489688 -0.568791 -0.632368
-0.0625 0.363636 -0.111111 -0.176471 
0.115674 0.559942 -0.641898
-0.0625 0.363636 -0.111111 -0.0588235 
-0.859959 0.468094 -0.290897
-0.0625 0.363636 0.111111 -1 
0.348073 0.468983 -0.730544
-0.0625 0.363636 0.111111 -0.0588235 
0.44449 -0.847368 -0.824409
-0.0625 0.363636 0.333333 -0.176471 
0.701061 0.071166 -0.876783
-0.0625 0.363636 0.555556 -0.176471 
0.828504 -0.52282 -0.949688
-0.0625 0.363636 0.777778 -0.294118 
-0.543609 0.74665 -0.793402
-0.0625 0.454545 0.111111 -0.647059 
-0.384414 0.551447 -0.863723
-0.0625 0.454545 0.111111 -0.529412 
-0.21726 0.746851 -0.912171
-0.0625 0.454545 0.111111 -0.411765 
-0.597212 0.221976 -0.807163
-0.0625 0.454545 0.333333 -0.882353 
-0.450814 -0.357903 -0.897219
-0.0625 0.454545 0.333333 -0.764706 
-0.291619 -0.553107 -0.967539
-0.0625 0.454545 0.333333 -0.647059 
-0.486224 -0.591873 -0.899167
-0.0625 0.454545 0.555556 -1 
0.966537 -0.223904 0.936928
0 -0.272727 0.111111 -0.176471 
0.384901 -0.941868 0.965876
0 -0.181818 -0.333333 -0.176471 
0.522996 -0.0938314 0.868327
0 -0.181818 -0.333333 -0.0588235 
0.849153 0.863819 0.659896
0 -0.181818 -0.111111 0.0588236 
-0.0976665 -0.116479 0.951247
0 -0.0909091 -0.555556 -0.294118 
0.0540348 -0.415537 0.866707
0 -0.0909091 -0.555556 -0.176471 
0.203097 -0.116144 0.777598
0 -0.0909091 -0.555556 -0.0588235 
0.34499 0.772606 0.686628
0 -0.0909091 -0.555556 0.0588236 
0.542017 -0.450274 0.585324
0 -0.0909091 -0.333333 0.0588236 
0.742051 -0.89774 0.47439
0 -0.0909091 -0.111111 0.0588236 
0.939015 -0.556205 0.357196
0 -0.0909091 0.111111 0.0588236 
-0.35316 -0.193164 0.845465
0 -5.96046e-08 -0.555556 -0.411765 
0.239231 -0.192495 0.503448
0 -5.96046e-08 -0.555556 0.0588236 
-0.558811 0.564255 0.964198
0 -5.96046e-08 -0.333333 -0.764706 
0.55452 0.565513 0.321416
0 -5.96046e-08 -0.333333 0.176471 
-0.59115 0.575132 0.982869
0 -5.96046e-08 -0.111111 -1 
0.735667 0.576633 0.216831
0 -5.96046e-08 -0.111111 0.176471 
-0.461505 -0.408964 0.657807
0 0.090909 -0.555556 -0.411765 
0.130889 -0.408311 0.315794
0 0.090909 -0.555556 0.0588236 
-0.663868 0.33694 0.782235
0 0.090909 -0.333333 -0.764706 
0.449468 0.338167 0.139462
0 0.090909 -0.333333 0.176471 
-0.696159 0.347661 0.800987
0 0.090909 -0.111111 -1 
0.630663 0.349119 0.0349607
0 0.090909 -0.111111 0.176471 
0.910982 -0.616963 -0.136717
0 0.090909 0.333333 0.0588236 
-0.569141 0.131006 0.471375
0 0.181818 -0.555556 -0.411765 
-0.431039 -0.71672 0.373828
0 0.181818 -0.555556 -0.294118 
-0.130271 -0.716396 0.200186
0 0.181818 -0.555556 -0.0588235 
0.0232569 0.131641 0.129367
0 0.181818 -0.555556 0.0588236 
-0.768317 0.842736 0.601326
0 0.181818 -0.333333 -0.764706 
0.345027 0.84393 -0.0414388
0 0.181818 -0.333333 0.176471 
-0.800562 0.852963 0.620157
0 0.181818 -0.111111 -1 
0.52627 0.854385 -0.14586
0 0.181818 -0.111111 0.176471 
0.80246 -0.0674418 -0.324689
0 0.181818 0.333333 0.0588236 
-0.53826 0.629161 0.188119
0 0.272727 -0.555556 -0.294118 
-0.391672 0.366172 0.0947201
0 0.272727 -0.555556 -0.176471 
-0.23749 0.629457 0.014479
0 0.272727 -0.555556 -0.0588235 
-0.770315 0.334787 0.312283
0 0.272727 -0.333333 -0.647059 
-0.651913 -0.941026 0.201397
0 0.272727 -0.333333 -0.529412 
-0.0595116 -0.940445 -0.140607
0 0.272727 -0.333333 -0.0588235 
0.0957175 0.335634 -0.187692
0 0.272727 -0.333333 0.0588236 
-0.82525 -0.0589487 0.330876
0 0.272727 -0.111111 -0.882353 
0.2881 -0.0578572 -0.31188
0 0.272727 -0.111111 0.0588236 
0.490905 0.242487 -0.418958
0 0.272727 0.111111 0.0588236 
0.799716 0.13106 -0.600964
0 0.272727 0.555556 -0.0588235 
0.91533 -0.54044 -0.690098
0 0.272727 0.777778 -0.176471 
-0.626812 0.619394 -0.091875
0 0.363636 -0.333333 -0.411765 
-0.481309 0.386769 -0.187151
0 0.363636 -0.333333 -0.294118 
-0.326042 0.619655 -0.265512
0 0.363636 -0.333333 -0.176471 
-0.8363 0.559017 0.0261488
0 0.363636 -0.111111 -0.764706 
-0.723157 -0.569502 -0.0938459
0 0.363636 -0.111111 -0.647059 
-0.130756 -0.568986 -0.435844
0 0.363636 -0.111111 -0.176471 
0.0297332 0.559772 -0.473819
0 0.363636 -0.111111 -0.0588235 
-0.870142 0.467873 0.0412718
0 0.363636 0.111111 -1 
0.24321 0.468848 -0.601475
0 0.363636 0.111111 -0.0588235 
0.321863 -0.847513 -0.710657
0 0.363636 0.333333 -0.176471 
0.565443 0.0710694 -0.806786
0 0.363636 0.555556 -0.176471 
0.67829 -0.522913 -0.900715
0 0.363636 0.777778 -0.294118 
0.803328 -0.722934 -0.982595
0 0.363636 1 -0.411765 
-0.645851 0.746502 -0.508536
0 0.454545 0.111111 -0.647059 
-0.501285 0.551304 -0.605433
0 0.454545 0.111111 -0.529412 
-0.345081 0.746715 -0.682172
0 0.454545 0.111111 -0.411765 
-0.701031 0.221825 -0.512779
0 0.454545 0.333333 -0.882353 
-0.572493 -0.358055 -0.62689
0 0.454545 0.333333 -0.764706 
-0.427927 -0.553252 -0.723786
0 0.454545 0.333333 -0.647059 
-0.271723 -0.357841 -0.800525
0 0.454545 0.333333 -0.529412 
-0.108629 0.222245 -0.854774
0 0.454545 0.333333 -0.411765 
-0.607705 -0.592024 -0.622658
0 0.454545 0.555556 -1 
-0.0153034 -0.591606 -0.964653
0 0.454545 0.555556 -0.529412 
0.149725 0.355528 -0.994764
0 0.454545 0.555556 -0.411765 
0.69311 -0.0937764 0.942742
0.0625 -0.181818 -0.333333 -0.0588235 
0.978118 0.863877 0.680841
0.0625 -0.181818 -0.111111 0.0588236 
0.362318 -0.116085 0.908943
0.0625 -0.0909091 -0.555556 -0.0588235 
0.486258 0.772667 0.794716
0.0625 -0.0909091 -0.555556 0.0588236 
0.6627 -0.450206 0.660737
0.0625 -0.0909091 -0.333333 0.0588236 
0.840431 -0.897678 0.516753
0.0625 -0.0909091 -0.111111 0.0588236 
0.350297 -0.192415 0.632684
0.0625 -5.96046e-08 -0.555556 0.0588236 
0.629185 0.565573 0.398669
0.0625 -5.96046e-08 -0.333333 0.176471 
0.789418 0.576686 0.264217
0.0625 -5.96046e-08 -0.111111 0.176471 
-0.312989 -0.408952 0.906379
0.0625 0.090909 -0.555556 -0.411765 
0.211014 -0.408305 0.466695
0.0625 0.090909 -0.555556 0.0588236 
0.494134 0.338172 0.237721
0.0625 0.090909 -0.333333 0.176471 
0.65443 0.349125 0.103342
0.0625 0.090909 -0.111111 0.176471 
0.90068 -0.616958 -0.114405
0.0625 0.090909 0.333333 0.0588236 
-0.451363 0.130963 0.741469
0.0625 0.181818 -0.555556 -0.411765 
-0.332298 -0.716756 0.621423
0.0625 0.181818 -0.555556 -0.294118 
-0.0662518 -0.716427 0.398191
0.0625 0.181818 -0.555556 -0.0588235 
0.0726461 0.131614 0.301789
0.0625 0.181818 -0.555556 0.0588236 
-0.624947 0.842703 0.904032
0.0625 0.181818 -0.333333 -0.764706 
0.359868 0.84392 0.0777028
0.0625 0.181818 -0.333333 0.176471 
-0.653433 0.852921 0.928178
0.0625 0.181818 -0.111111 -1 
0.520224 0.85438 -0.0566032
0.0625 0.181818 -0.111111 0.176471 
0.761166 -0.0674448 -0.280676
0.0625 0.181818 0.333333 0.0588236 
-0.470137 0.62912 0.457154
0.0625 0.272727 -0.555556 -0.294118 
-0.341995 0.366132 0.33972
0.0625 0.272727 -0.555556 -0.176471 
-0.204089 0.629418 0.233924
0.0625 0.272727 -0.555556 -0.0588235 
-0.677107 0.334738 0.619729
0.0625 0.272727 -0.333333 -0.647059 
-0.579758 -0.941073 0.489966
0.0625 0.272727 -0.333333 -0.529412 
-0.0557451 -0.940482 0.0502894
0.0625 0.272727 -0.333333 -0.0588235 
0.0889496 0.3356 -0.0230361
0.0625 0.272727 -0.333333 0.0588236 
-0.727978 -0.0589986 0.647578
0.0625 0.272727 -0.111111 -0.882353 
0.256844 -0.0578928 -0.178745
0.0625 0.272727 -0.111111 0.0588236 
0.437974 0.242457 -0.319412
0.0625 0.272727 0.111111 0.0588236 
0.710488 0.13104 -0.552278
0.0625 0.272727 0.555556 -0.0588235 
0.808869 -0.540462 -0.660134
0.0625 0.272727 0.777778 -0.176471 
0.918987 -0.766575 -0.761055
0.0625 0.272727 1 -0.294118 
-0.605968 0.619301 0.196788
0.0625 0.363636 -0.333333 -0.411765 
-0.479219 0.386679 0.0776931
0.0625 0.363636 -0.333333 -0.294118 
-0.339917 0.61957 -0.0264398
0.0625 0.363636 -0.333333 -0.176471 
-0.79178 0.558934 0.349397
0.0625 0.363636 -0.111111 -0.764706 
-0.701192 -0.569585 0.211578
0.0625 0.363636 -0.111111 -0.647059 
-0.177176 -0.569057 -0.228095
0.0625 0.363636 -0.111111 -0.176471 
-0.0257187 0.559707 -0.293362
0.0625 0.363636 -0.111111 -0.0588235 
-0.822481 0.467802 0.370167
0.0625 0.363636 0.111111 -1 
0.162348 0.468794 -0.456149
0.0625 0.363636 0.111111 -0.0588235 
0.220847 -0.847569 -0.57733
0.0625 0.363636 0.333333 -0.176471 
0.444035 0.0710104 -0.714297
0.0625 0.363636 0.555556 -0.176471 
0.538858 -0.522971 -0.826394
0.0625 0.363636 0.777778 -0.294118 
0.647779 -0.722971 -0.928744
0.0625 0.363636 1 -0.411765 
-0.697072 0.746335 -0.210243
0.0625 0.454545 0.111111 -0.647059 
-0.571526 0.551146 -0.330772
0.0625 0.454545 0.111111 -0.529412 
-0.43102 0.74657 -0.433469
0.0625 0.454545 0.111111 -0.411765 
-0.752152 0.221658 -0.204839
0.0625 0.454545 0.333333 -0.882353 
-0.645381 -0.358215 -0.339537
0.0625 0.454545 0.333333 -0.764706 
-0.519835 -0.553408 -0.460065
0.0625 0.454545 0.333333 -0.647059 
-0.379328 -0.357983 -0.562763
0.0625 0.454545 0.333333 -0.529412 
-0.228131 0.222116 -0.644509
0.0625 0.454545 0.333333 -0.411765 
-0.679324 -0.592188 -0.329254
0.0625 0.454545 0.555556 -1 
-0.155303 -0.591727 -0.768924
0.0625 0.454545 0.555556 -0.529412 
0.00199139 0.355424 -0.827235
0.0625 0.454545 0.555556 -0.411765 
0.0937419 -0.142987 -0.942992
0.0625 0.454545 0.777778 -0.529412 
0.873571 -0.0940348 0.986484
0.125 -0.181818 -0.333333 -0.0588235 
0.644155 0.772355 0.876623
0.125 -0.0909091 -0.555556 0.0588236 
0.794652 -0.450467 0.71404
0.125 -0.0909091 -0.333333 0.0588236 
0.944681 -0.897884 0.541378
0.125 -0.0909091 -0.111111 0.0588236 
0.482121 -0.192706 0.740662
0.125 -5.96046e-08 -0.555556 0.0588236 
0.716139 0.565361 0.46177
0.125 -5.96046e-08 -0.333333 0.176471 
0.850592 0.576539 0.301536
0.125 -5.96046e-08 -0.111111 0.176471 
0.316128 -0.408557 0.60138
0.125 0.090909 -0.555556 0.0588236 
0.555188 0.337983 0.326719
0.125 0.090909 -0.333333 0.176471 
0.689716 0.348971 0.166546
0.125 0.090909 -0.111111 0.176471 
0.894414 -0.617061 -0.0906528
0.125 0.090909 0.333333 0.0588236 
-0.28848 0.130741 0.987009
0.125 0.181818 -0.555556 -0.411765 
-0.192069 -0.716994 0.848109
0.125 0.181818 -0.555556 -0.294118 
0.0311745 -0.716669 0.582067
0.125 0.181818 -0.555556 -0.0588235 
0.151224 0.13138 0.463008
0.125 0.181818 -0.555556 0.0588236 
0.395173 0.843726 0.192448
0.125 0.181818 -0.333333 0.176471 
0.529773 0.854213 0.032336
0.125 0.181818 -0.111111 0.176471 
0.728145 -0.0675699 -0.230172
0.125 0.181818 0.333333 0.0588236 
0.970414 0.983197 -0.489147
0.125 0.181818 0.777778 -0.0588235 
-0.35634 0.628873 0.710269
0.125 0.272727 -0.555556 -0.294118 
-0.250536 0.365883 0.572365
0.125 0.272727 -0.555556 -0.176471 
-0.133094 0.629176 0.444228
0.125 0.272727 -0.555556 -0.0588235 
-0.531936 0.334527 0.906317
0.125 0.272727 -0.333333 -0.647059 
-0.458599 -0.941298 0.76162
0.125 0.272727 -0.333333 -0.529412 
-0.0188901 -0.940702 0.237622
0.125 0.272727 -0.333333 -0.0588235 
0.110875 0.335397 0.140283
0.125 0.272727 -0.333333 0.0588236 
-0.5772 -0.0591878 0.942578
0.125 0.272727 -0.111111 -0.882353 
0.249182 -0.0580576 -0.0422152
0.125 0.272727 -0.111111 0.0588236 
0.403135 0.242321 -0.212199
0.125 0.272727 0.111111 0.0588236 
0.631074 0.130919 -0.488849
0.125 0.272727 0.555556 -0.0588235 
0.709231 -0.540586 -0.61215
0.125 0.272727 0.777778 -0.176471 
0.800152 -0.766697 -0.73066
0.125 0.272727 1 -0.294118 
-0.53532 0.619115 0.477445
0.125 0.363636 -0.333333 -0.411765 
-0.431177 0.386487 0.338148
0.125 0.363636 -0.333333 -0.294118 
-0.312073 0.619379 0.211407
0.125 0.363636 -0.333333 -0.176471 
-0.69181 0.558778 0.660005
0.125 0.363636 -0.111111 -0.764706 
-0.62653 -0.569755 0.508548
0.125 0.363636 -0.111111 -0.647059 
-0.186819 -0.569241 -0.0154459
0.125 0.363636 -0.111111 -0.176471 
-0.0489948 0.559531 -0.106022
0.125 0.363636 -0.111111 -0.0588235 
-0.718438 0.467672 0.685793
0.125 0.363636 0.111111 -1 
0.107949 0.468638 -0.298993
0.125 0.363636 0.111111 -0.0588235 
0.144517 -0.847715 -0.428491
0.125 0.363636 0.333333 -0.176471 
0.34053 0.0708873 -0.602133
0.125 0.363636 0.555556 -0.176471 
0.414446 -0.523094 -0.728992
0.125 0.363636 0.777778 -0.294118 
0.503939 -0.723102 -0.8487
0.125 0.363636 1 -0.411765 
-0.695719 0.746222 0.0924213
0.125 0.454545 0.111111 -0.647059 
-0.593009 0.551021 -0.0480786
0.125 0.454545 0.111111 -0.529412 
-0.47247 0.74644 -0.173616
0.125 0.454545 0.111111 -0.411765 
-0.749023 0.221553 0.107309
0.125 0.454545 0.333333 -0.882353 
-0.667264 -0.35833 -0.043884
0.125 0.454545 0.333333 -0.764706 
-0.564554 -0.55353 -0.184384
0.125 0.454545 0.333333 -0.647059 
-0.444015 -0.358112 -0.309921
0.125 0.454545 0.333333 -0.529412 
-0.309309 0.221986 -0.416681
0.125 0.454545 0.333333 -0.411765 
-0.698906 -0.592284 -0.0278623
0.125 0.454545 0.555556 -1 
-0.259192 -0.59185 -0.551853
0.125 0.454545 0.555556 -0.529412 
-0.114412 0.355301 -0.636592
0.125 0.454545 0.555556 -0.411765 
-0.0441565 -0.143105 -0.766523
0.125 0.454545 0.777778 -0.529412 
0.0441042 -0.310934 -0.887265
0.125 0.454545 1 -0.647059 
0.194559 0.974494 -0.947408
0.125 0.454545 1 -0.529412 
0.813866 0.772396 0.929875
0.1875 -0.0909091 -0.555556 0.0588236 
0.933844 -0.45045 0.743628
0.1875 -0.0909091 -0.333333 0.0588236 
0.630683 -0.192653 0.824115
0.1875 -5.96046e-08 -0.555556 0.0588236 
0.812716 0.565378 0.508824
0.1875 -5.96046e-08 -0.333333 0.176471 
0.917302 0.576534 0.327677
0.1875 -5.96046e-08 -0.111111 0.176471 
0.443029 -0.408535 0.71577
0.1875 0.090909 -0.555556 0.0588236 
0.630762 0.338007 0.403769
0.1875 0.090909 -0.333333 0.176471 
0.735432 0.348997 0.222669
0.1875 0.090909 -0.111111 0.176471 
0.892358 -0.617029 -0.066168
0.1875 0.090909 0.333333 0.0588236 
0.159052 -0.716549 0.746232
0.1875 0.181818 -0.555556 -0.0588235 
0.256603 0.131494 0.608137
0.1875 0.181818 -0.555556 0.0588236 
0.449862 0.843826 0.299328
0.1875 0.181818 -0.333333 0.176471 
0.554613 0.854317 0.118276
0.1875 0.181818 -0.111111 0.176471 
0.704386 -0.0674743 -0.174689
0.1875 0.181818 0.333333 0.0588236 
0.898003 0.983289 -0.471799
0.1875 0.181818 0.777778 -0.0588235 
0.968749 0.737948 -0.603265
0.1875 0.181818 1 -0.176471 
-0.200311 0.629051 0.939777
0.1875 0.272727 -0.555556 -0.294118 
-0.120062 0.366063 0.785598
0.1875 0.272727 -0.555556 -0.176471 
-0.026656 0.629349 0.639015
0.1875 0.272727 -0.555556 -0.0588235 
0.0499353 -0.940538 0.415717
0.1875 0.272727 -0.333333 -0.0588235 
0.160825 0.335548 0.297325
0.1875 0.272727 -0.333333 0.0588236 
0.26534 -0.0579162 0.0935832
0.1875 0.272727 -0.111111 0.0588236 
0.387436 0.242455 -0.100551
0.1875 0.272727 0.111111 0.0588236 
0.563872 0.131059 -0.412578
0.1875 0.272727 0.555556 -0.0588235 
0.619431 -0.540436 -0.547578
0.1875 0.272727 0.777778 -0.176471 
0.688391 -0.766553 -0.680075
0.1875 0.272727 1 -0.294118 
-0.416999 0.61928 0.741571
0.1875 0.363636 -0.333333 -0.411765 
-0.338627 0.386655 0.586307
0.1875 0.363636 -0.333333 -0.294118 
-0.243342 0.619547 0.44081
0.1875 0.363636 -0.333333 -0.176471 
-0.53941 0.558926 0.948528
0.1875 0.363636 -0.111111 -0.764706 
-0.501422 -0.569596 0.788038
0.1875 0.363636 -0.111111 -0.647059 
-0.159384 -0.569069 0.195654
0.1875 0.363636 -0.111111 -0.176471 
-0.0393837 0.559695 0.0825219
0.1875 0.363636 -0.111111 -0.0588235 
-0.561155 0.467808 0.978547
0.1875 0.363636 0.111111 -1 
0.0816665 0.468801 -0.134769
0.1875 0.363636 0.111111 -0.0588235 
0.0951917 -0.84754 -0.268649
0.1875 0.363636 0.333333 -0.176471 
0.258074 0.0710582 -0.47369
0.1875 0.363636 0.555556 -0.176471 
0.308839 -0.52291 -0.611457
0.1875 0.363636 0.777778 -0.294118 
0.376185 -0.722913 -0.744886
0.1875 0.363636 1 -0.411765 
-0.641818 0.746405 0.390247
0.1875 0.454545 0.111111 -0.647059 
-0.565067 0.551215 0.234048
0.1875 0.454545 0.111111 -0.529412 
-0.468159 0.746638 0.0894885
0.1875 0.454545 0.111111 -0.411765 
-0.691727 0.221733 0.414164
0.1875 0.454545 0.333333 -0.882353 
-0.637465 -0.358142 0.251072
0.1875 0.454545 0.333333 -0.764706 
-0.560713 -0.553333 0.0948728
0.1875 0.454545 0.333333 -0.647059 
-0.463805 -0.357909 -0.049687
0.1875 0.454545 0.333333 -0.529412 
-0.349685 0.22219 -0.178215
0.1875 0.454545 0.333333 -0.411765 
-0.665844 -0.592107 0.272344
0.1875 0.454545 0.555556 -1 
-0.323802 -0.591649 -0.320035
0.1875 0.454545 0.555556 -0.529412 
-0.195937 0.355498 -0.428626
0.1875 0.454545 0.555556 -0.411765 
-0.149311 -0.142906 -0.568783
0.1875 0.454545 0.777778 -0.529412 
-0.0833579 -0.310732 -0.703017
0.1875 0.454545 1 -0.647059 
0.0543662 0.974688 -0.788372
0.1875 0.454545 1 -0.529412 
0.990246 0.772498 0.952841
0.25 -0.0909091 -0.555556 0.0588236 
0.791482 -0.19256 0.880497
0.25 -5.96046e-08 -0.555556 0.0588236 
0.916 0.565488 0.538387
0.25 -5.96046e-08 -0.333333 0.176471 
0.98754 0.57665 0.341832
0.25 -5.96046e-08 -0.111111 0.176471 
0.587866 -0.408368 0.806387
0.25 0.090909 -0.555556 0.0588236 
0.718569 0.338163 0.466529
0.25 0.090909 -0.333333 0.176471 
0.7902 0.349157 0.270007
0.25 0.090909 -0.111111 0.176471 
0.894584 -0.616869 -0.0416899
0.25 0.090909 0.333333 0.0588236 
0.313493 -0.716431 0.885697
0.25 0.181818 -0.555556 -0.0588235 
0.385581 0.13162 0.732761
0.25 0.181818 -0.555556 0.0588236 
0.522281 0.843978 0.395087
0.25 0.181818 -0.333333 0.176471 
0.594 0.854465 0.198597
0.25 0.181818 -0.111111 0.176471 
0.690625 -0.0673167 -0.115924
0.25 0.181818 0.333333 0.0588236 
0.829707 0.983431 -0.442141
0.25 0.181818 0.777778 -0.0588235 
0.87655 0.738086 -0.583895
0.25 0.181818 1 -0.176471 
0.0454568 0.36617 0.97293
0.25 0.272727 -0.555556 -0.176471 
0.11199 0.629468 0.812355
0.25 0.272727 -0.555556 -0.0588235 
0.148642 -0.940407 0.579151
0.25 0.272727 -0.333333 -0.0588235 
0.237289 0.335686 0.443302
0.25 0.272727 -0.333333 0.0588236 
0.304836 -0.0577717 0.224509
0.25 0.272727 -0.111111 0.0588236 
0.391366 0.242606 0.0121235
0.25 0.272727 0.111111 0.0588236 
0.510938 0.13121 -0.325799
0.25 0.272727 0.555556 -0.0588235 
0.54221 -0.540281 -0.468395
0.25 0.272727 0.777778 -0.176471 
0.587115 -0.766393 -0.610853
0.25 0.272727 1 -0.294118 
-0.254614 0.61936 0.981135
0.25 0.363636 -0.333333 -0.411765 
-0.204394 0.386746 0.814621
0.25 0.363636 -0.333333 -0.294118 
-0.135821 0.61965 0.654789
0.25 0.363636 -0.333333 -0.176471 
-0.0957096 -0.568951 0.39878
0.25 0.363636 -0.111111 -0.176471 
0.00282264 0.559822 0.266529
0.25 0.363636 -0.111111 -0.0588235 
0.084301 0.468933 0.0315202
0.25 0.363636 0.111111 -0.0588235 
0.0743722 -0.847419 -0.102675
0.25 0.363636 0.333333 -0.176471 
0.199175 0.0711874 -0.332884
0.25 0.363636 0.555556 -0.176471 
0.225245 -0.522787 -0.477372
0.25 0.363636 0.777778 -0.294118 
0.268398 -0.722795 -0.620469
0.25 0.363636 1 -0.411765 
-0.537026 0.746442 0.67419
0.25 0.454545 0.111111 -0.647059 
-0.488564 0.551257 0.507036
0.25 0.454545 0.111111 -0.529412 
-0.418231 0.746687 0.347845
0.25 0.454545 0.111111 -0.411765 
-0.582024 0.221758 0.70641
0.25 0.454545 0.333333 -0.882353 
-0.556906 -0.358108 0.536373
0.25 0.454545 0.333333 -0.764706 
-0.508444 -0.553292 0.369219
0.25 0.454545 0.333333 -0.647059 
-0.43811 -0.357861 0.210028
0.25 0.454545 0.333333 -0.529412 
-0.348042 0.222243 0.0636357
0.25 0.454545 0.333333 -0.411765 
-0.581161 -0.592089 0.562249
0.25 0.454545 0.555556 -1 
-0.347179 -0.591597 -0.080525
0.25 0.454545 0.555556 -0.529412 
-0.240113 0.355558 -0.20967
0.25 0.454545 0.555556 -0.411765 
-0.218534 -0.142852 -0.355793
0.25 0.454545 0.777778 -0.529412 
-0.176894 -0.310682 -0.49944
0.25 0.454545 1 -0.647059 
-0.0560834 0.974744 -0.607414
0.25 0.454545 1 -0.529412 
0.959635 -0.192824 0.9081
0.3125 -5.96046e-08 -0.555556 0.0588236 
0.746239 -0.408641 0.870474
0.3125 0.090909 -0.555556 0.0588236 
0.815941 0.33792 0.513079
0.3125 0.090909 -0.333333 0.176471 
0.852359 0.348939 0.307102
0.3125 0.090909 -0.111111 0.176471 
0.901033 -0.617059 -0.0179883
0.3125 0.090909 0.333333 0.0588236 
0.972086 0.484192 -0.365036
0.3125 0.090909 0.777778 -0.0588235 
0.995766 0.227075 -0.512388
0.3125 0.090909 1 -0.176471 
0.489804 -0.716701 0.996225
0.3125 0.181818 -0.555556 -0.0588235 
0.53424 0.131356 0.833092
0.3125 0.181818 -0.555556 0.0588236 
0.610227 0.843717 0.476806
0.3125 0.181818 -0.333333 0.176471 
0.646738 0.854243 0.270845
0.3125 0.181818 -0.111111 0.176471 
0.68728 -0.067511 -0.0556795
0.3125 0.181818 0.333333 0.0588236 
0.767603 0.983274 -0.401093
0.3125 0.181818 0.777778 -0.0588235 
0.789119 0.737932 -0.548827
0.3125 0.181818 1 -0.176471 
0.278624 0.629174 0.958988
0.3125 0.272727 -0.555556 -0.0588235 
0.274225 -0.940684 0.72296
0.3125 0.272727 -0.333333 -0.0588235 
0.337935 0.335423 0.573779
0.3125 0.272727 -0.333333 0.0588236 
0.366464 -0.0580149 0.346577
0.3125 0.272727 -0.111111 0.0588236 
0.4148 0.242394 0.122391
0.3125 0.272727 0.111111 0.0588236 
0.473878 0.131035 -0.231163
0.3125 0.272727 0.555556 -0.0588235 
0.479913 -0.54046 -0.377023
0.3125 0.272727 0.777778 -0.176471 
0.499398 -0.766571 -0.525115
0.3125 0.272727 1 -0.294118 
0.00721622 0.619465 0.846847
0.3125 0.363636 -0.333333 -0.176471 
0.00226438 -0.569111 0.587761
0.3125 0.363636 -0.111111 -0.176471 
0.0763353 0.55967 0.440408
0.3125 0.363636 -0.111111 -0.0588235 
0.115768 0.468792 0.19482
0.3125 0.363636 0.111111 -0.0588235 
0.0826873 -0.847549 0.0643874
0.3125 0.363636 0.333333 -0.176471 
0.16562 0.0710785 -0.183996
0.3125 0.363636 0.555556 -0.176471 
0.166204 -0.522902 -0.330818
0.3125 0.363636 0.777778 -0.294118 
0.183852 -0.72291 -0.479234
0.3125 0.363636 1 -0.411765 
-0.384527 0.746251 0.935627
0.3125 0.454545 0.111111 -0.647059 
-0.365828 0.551059 0.762595
0.3125 0.454545 0.111111 -0.529412 
-0.324206 0.746487 0.593606
0.3125 0.454545 0.111111 -0.411765 
-0.423247 0.221578 0.975174
0.3125 0.454545 0.333333 -0.882353 
-0.428037 -0.358301 0.803356
0.3125 0.454545 0.333333 -0.764706 
-0.409338 -0.55349 0.630324
0.3125 0.454545 0.333333 -0.647059 
-0.367716 -0.358062 0.461335
0.3125 0.454545 0.333333 -0.529412 
-0.304436 0.222046 0.301525
0.3125 0.454545 0.333333 -0.411765 
-0.44743 -0.592255 0.833054
0.3125 0.454545 0.555556 -1 
-0.328619 -0.591791 0.159406
0.3125 0.454545 0.555556 -0.529412 
-0.245605 0.355369 0.013629
0.3125 0.454545 0.555556 -0.411765 
-0.249727 -0.14303 -0.134021
0.3125 0.454545 0.777778 -0.529412 
-0.233662 -0.310858 -0.282717
0.3125 0.454545 1 -0.647059 
-0.133436 0.974579 -0.41003
0.3125 0.454545 1 -0.529412 
0.913327 -0.408584 0.906083
0.375 0.090909 -0.555556 0.0588236 
0.919909 0.338041 0.542015
0.375 0.090909 -0.333333 0.176471 
0.920006 0.349082 0.332843
0.375 0.090909 -0.111111 0.176471 
0.911489 -0.616899 0.0042417
0.375 0.090909 0.333333 0.0588236 
0.921199 0.484336 -0.34987
0.375 0.090909 0.777778 -0.0588235 
0.918932 0.227208 -0.499095
0.375 0.090909 1 -0.176471 
0.698058 0.131405 0.906083
0.375 0.181818 -0.555556 0.0588236 
0.711023 0.843819 0.542015
0.375 0.181818 -0.333333 0.176471 
0.711215 0.854355 0.332844
0.375 0.181818 -0.111111 0.176471 
0.694441 -0.0673807 0.00424218
0.375 0.181818 0.333333 0.0588236 
0.713564 0.983419 -0.34987
0.375 0.181818 0.777778 -0.0588235 
0.709099 0.738074 -0.499096
0.375 0.181818 1 -0.176471 
0.422868 -0.940612 0.842776
0.375 0.272727 -0.333333 -0.0588235 
0.459707 0.335511 0.684798
0.375 0.272727 -0.333333 0.0588236 
0.448349 -0.0579152 0.456095
0.375 0.272727 -0.111111 0.0588236 
0.457021 0.242495 0.226922
0.375 0.272727 0.111111 0.0588236 
0.453806 0.131142 -0.131519
0.375 0.272727 0.555556 -0.0588235 
0.434422 -0.540342 -0.276211
0.375 0.272727 0.777778 -0.176471 
0.427895 -0.766457 -0.425436
0.375 0.272727 1 -0.294118 
0.131559 -0.569116 0.756857
0.375 0.363636 -0.111111 -0.176471 
0.178918 0.55968 0.598879
0.375 0.363636 -0.111111 -0.0588235 
0.175105 0.468824 0.350174
0.375 0.363636 0.111111 -0.0588235 
0.119878 -0.84751 0.227468
0.375 0.363636 0.333333 -0.176471 
0.158419 0.0711234 -0.0315446
0.375 0.363636 0.555556 -0.176471 
0.133499 -0.522842 -0.176237
0.375 0.363636 0.777778 -0.294118 
0.125108 -0.722851 -0.325462
0.375 0.363636 1 -0.411765 
-0.20058 0.551137 0.992954
0.375 0.454545 0.111111 -0.529412 
-0.188935 0.746573 0.819305
0.375 0.454545 0.111111 -0.411765 
-0.266397 -0.553408 0.870249
0.375 0.454545 0.333333 -0.647059 
-0.254752 -0.357973 0.696599
0.375 0.454545 0.333333 -0.529412 
-0.220184 0.222144 0.528228
0.375 0.454545 0.333333 -0.411765 
-0.268679 -0.591695 0.392467
0.375 0.454545 0.555556 -0.529412 
-0.212239 0.355477 0.234489
0.375 0.454545 0.555556 -0.411765 
-0.241937 -0.142924 0.0897975
0.375 0.454545 0.777778 -0.529412 
-0.251938 -0.310754 -0.0594281
0.375 0.454545 1 -0.647059 
-0.175341 0.974696 -0.202212
0.375 0.454545 1 -0.529412 
0.991101 0.349171 0.346458
0.4375 0.090909 -0.111111 0.176471 
0.925653 -0.61682 0.0243276
0.4375 0.090909 0.333333 0.0588236 
0.873724 0.48443 -0.326089
0.4375 0.090909 0.777778 -0.0588235 
0.845579 0.227305 -0.472654
0.4375 0.090909 1 -0.176471 
0.872068 0.131555 0.949525
0.4375 0.181818 -0.555556 0.0588236 
0.821616 0.84396 0.588738
0.4375 0.181818 -0.333333 0.176471 
0.785483 0.854481 0.382712
0.4375 0.181818 -0.111111 0.176471 
0.711903 -0.0672587 0.062017
0.4375 0.181818 0.333333 0.0588236 
0.669244 0.983528 -0.290035
0.4375 0.181818 0.777778 -0.0588235 
0.638934 0.738178 -0.436217
0.4375 0.181818 1 -0.176471 
0.590067 -0.940463 0.934965
0.4375 0.272727 -0.333333 -0.0588235 
0.598913 0.335659 0.772992
0.4375 0.272727 -0.333333 0.0588236 
0.548014 -0.0577667 0.549736
0.4375 0.272727 -0.111111 0.0588236 
0.516759 0.242643 0.322539
0.4375 0.272727 0.111111 0.0588236 
0.45135 0.131284 -0.0298964
0.4375 0.272727 0.555556 -0.0588235 
0.407134 -0.540214 -0.169024
0.4375 0.272727 0.777778 -0.176471 
0.374793 -0.766342 -0.314849
0.4375 0.272727 1 -0.294118 
0.288265 -0.568943 0.900937
0.4375 0.363636 -0.111111 -0.176471 
0.307471 0.55985 0.737137
0.4375 0.363636 -0.111111 -0.0588235 
0.26053 0.46898 0.492872
0.4375 0.363636 0.111111 -0.0588235 
0.184834 -0.847367 0.381621
0.4375 0.363636 0.333333 -0.176471 
0.177813 0.0712668 0.119852
0.4375 0.363636 0.555556 -0.176471 
0.128146 -0.522705 -0.0183135
0.4375 0.363636 0.777778 -0.294118 
0.0939683 -0.722713 -0.163815
0.4375 0.363636 1 -0.411765 
-0.102638 -0.3578 0.908676
0.4375 0.454545 0.333333 -0.529412 
-0.0978328 0.222319 0.736861
0.4375 0.454545 0.333333 -0.411765 
-0.169165 -0.591516 0.611584
0.4375 0.454545 0.555556 -0.529412 
-0.141015 0.355656 0.446207
0.4375 0.454545 0.555556 -0.411765 
-0.195388 -0.142739 0.308871
0.4375 0.454545 0.777778 -0.529412 
-0.231149 -0.310565 0.163649
0.4375 0.454545 1 -0.647059 
-0.18051 0.974879 0.00973511
0.4375 0.454545 1 -0.529412 
0.976291 0.452848 -0.506069
0.5 -5.96046e-08 1 -0.176471 
0.943098 -0.616869 0.041651
0.5 0.090909 0.333333 0.0588236 
0.831107 0.484324 -0.294426
0.5 0.090909 0.777778 -0.0588235 
0.777938 0.227208 -0.433877
0.5 0.090909 1 -0.176471 
0.938651 0.843969 0.615553
0.5 0.181818 -0.333333 0.176471 
0.86729 0.854467 0.418932
0.5 0.181818 -0.111111 0.176471 
0.739138 -0.0673014 0.115885
0.5 0.181818 0.333333 0.0588236 
0.635993 0.983428 -0.223411
0.5 0.181818 0.777778 -0.0588235 
0.580759 0.738074 -0.36211
0.5 0.181818 1 -0.176471 
0.770741 -0.940459 0.996727
0.5 0.272727 -0.333333 -0.0588235 
0.751326 0.335641 0.835678
0.5 0.272727 -0.333333 0.0588236 
0.662433 -0.0578114 0.624654
0.5 0.272727 -0.111111 0.0588236 
0.592199 0.242562 0.406337
0.5 0.272727 0.111111 0.0588236 
0.466584 0.131181 0.0706122
0.5 0.272727 0.555556 -0.0588235 
0.39888 -0.540328 -0.0587234
0.5 0.272727 0.777778 -0.176471 
0.341709 -0.766426 -0.196717
0.5 0.272727 1 -0.294118 
0.458087 0.559801 0.850976
0.5 0.363636 -0.111111 -0.0588235 
0.369442 0.468894 0.618574
0.5 0.363636 0.111111 -0.0588235 
0.275577 -0.84745 0.522157
0.5 0.363636 0.333333 -0.176471 
0.223205 0.071162 0.265584
0.5 0.363636 0.555556 -0.176471 
0.1503 -0.522828 0.138142
0.5 0.363636 0.777778 -0.294118 
0.0913768 -0.722835 0.000785589
0.5 0.363636 1 -0.411765 
0.0588923 0.222226 0.921086
0.5 0.454545 0.333333 -0.411765 
-0.0331119 -0.591623 0.810099
0.5 0.454545 0.555556 -0.529412 
-0.034108 0.355527 0.642346
0.5 0.454545 0.555556 -0.411765 
-0.111504 -0.142889 0.516539
0.5 0.454545 0.777778 -0.529412 
-0.171939 -0.310718 0.379733
0.5 0.454545 1 -0.647059 
-0.148798 0.974706 0.219364
0.5 0.454545 1 -0.529412 
0.975462 0.713989 -0.36026
0.5625 -5.96046e-08 0.777778 -0.0588235 
0.900849 0.452901 -0.489493
0.5625 -5.96046e-08 1 -0.176471 
0.96327 -0.616821 0.0556686
0.5625 0.090909 0.333333 0.0588236 
0.794622 0.484389 -0.255855
0.5625 0.090909 0.777778 -0.0588235 
0.718046 0.22726 -0.383954
0.5625 0.090909 1 -0.176471 
0.954128 0.854456 0.440383
0.5625 0.181818 -0.111111 0.176471 
0.7753 -0.0672953 0.164194
0.5625 0.181818 0.333333 0.0588236 
0.614804 0.983466 -0.152038
0.5625 0.181818 0.777778 -0.0588235 
0.536324 0.738116 -0.279038
0.5625 0.181818 1 -0.176471 
0.912292 0.335602 0.870937
0.5625 0.272727 -0.333333 0.0588236 
0.788104 -0.0578348 0.678553
0.5625 0.272727 -0.111111 0.0588236 
0.681027 0.242565 0.475747
0.5625 0.272727 0.111111 0.0588236 
0.499022 0.131207 0.166936
0.5625 0.272727 0.555556 -0.0588235 
0.409889 -0.540287 0.0513219
0.5625 0.272727 0.777778 -0.176471 
0.329623 -0.76641 -0.074648
0.5625 0.272727 1 -0.294118 
0.626161 0.559766 0.936924
0.5625 0.363636 -0.111111 -0.0588235 
0.498507 0.4689 0.723445
0.5625 0.363636 0.111111 -0.0588235 
0.389326 -0.847444 0.644792
0.5625 0.363636 0.333333 -0.176471 
0.293198 0.0711914 0.401211
0.5625 0.363636 0.555556 -0.176471 
0.19927 -0.522789 0.288364
0.5625 0.363636 0.777778 -0.294118 
0.11739 -0.722795 0.163327
0.5625 0.363636 1 -0.411765 
0.135329 -0.591547 0.981961
0.5625 0.454545 0.555556 -0.529412 
0.105219 0.355619 0.81693
0.5625 0.454545 0.555556 -0.411765 
0.00715315 -0.142784 0.706473
0.5625 0.454545 0.777778 -0.529412 
-0.0761205 -0.31061 0.58224
0.5625 0.454545 1 -0.647059 
-0.0811775 0.974829 0.420288
0.5625 0.454545 1 -0.529412 
0.925356 0.713902 -0.345745
0.625 -5.96046e-08 0.777778 -0.0588235 
0.829436 0.45282 -0.460059
0.625 -5.96046e-08 1 -0.176471 
0.985576 -0.616831 0.0659829
0.625 0.090909 0.333333 0.0588236 
0.765395 0.484388 -0.211524
0.625 0.090909 0.777778 -0.0588235 
0.667738 0.227262 -0.32438
0.625 0.090909 1 -0.176471 
0.819305 -0.0672871 0.205498
0.625 0.181818 0.333333 0.0588236 
0.606336 0.983483 -0.0780599
0.625 0.181818 0.777778 -0.0588235 
0.506995 0.738145 -0.189503
0.625 0.181818 1 -0.176471 
0.921235 -0.057789 0.709818
0.625 0.272727 -0.111111 0.0588236 
0.780568 0.242608 0.528687
0.625 0.272727 0.111111 0.0588236 
0.547704 0.131248 0.256171
0.625 0.272727 0.555556 -0.0588235 
0.439848 -0.540251 0.15779
0.625 0.272727 0.777778 -0.176471 
0.338928 -0.766358 0.0476725
0.625 0.272727 1 -0.294118 
0.806616 0.559754 0.992384
0.625 0.363636 -0.111111 -0.0588235 
0.643831 0.4689 0.804315
0.625 0.363636 0.111111 -0.0588235 
0.522651 -0.847442 0.745816
0.625 0.363636 0.333333 -0.176471 
0.385685 0.0711997 0.522627
0.625 0.363636 0.555556 -0.176471 
0.273589 -0.522775 0.427805
0.625 0.363636 0.777778 -0.294118 
0.171241 -0.722784 0.318885
0.625 0.363636 1 -0.411765 
0.272749 0.355592 0.964672
0.625 0.454545 0.555556 -0.411765 
0.156993 -0.142803 0.872922
0.625 0.454545 0.777778 -0.529412 
0.0534118 -0.310621 0.765036
0.625 0.454545 1 -0.647059 
0.0203092 0.974824 0.606422
0.625 0.454545 1 -0.529412 
0.878529 0.714073 -0.322756
0.6875 -5.96046e-08 0.777778 -0.0588235 
0.764216 0.452999 -0.418677
0.6875 -5.96046e-08 1 -0.176471 
0.744307 0.484493 -0.162797
0.6875 0.090909 0.777778 -0.0588235 
0.628536 0.22738 -0.256981
0.6875 0.090909 1 -0.176471 
0.869816 -0.0671539 0.238527
0.6875 0.181818 0.333333 0.0588236 
0.610842 0.983633 -0.00374013
0.6875 0.181818 0.777778 -0.0588235 
0.493659 0.738288 -0.0962402
0.6875 0.181818 1 -0.176471 
0.88779 0.242778 0.563532
0.6875 0.272727 0.111111 0.0588236 
0.611142 0.131399 0.335595
0.6875 0.272727 0.555556 -0.0588235 
0.487841 -0.540096 0.257439
0.6875 0.272727 0.777778 -0.176471 
0.369332 -0.7662 0.166518
0.6875 0.272727 1 -0.294118 
0.800994 0.469091 0.858715
0.6875 0.363636 0.111111 -0.0588235 
0.671497 -0.847244 0.822148
0.6875 0.363636 0.333333 -0.176471 
0.497856 0.0713918 0.626135
0.6875 0.363636 0.555556 -0.176471 
0.370998 -0.522581 0.552219
0.6875 0.363636 0.777778 -0.294118 
0.251291 -0.722587 0.462726
0.6875 0.363636 1 -0.411765 
0.212728 -0.310413 0.922559
0.6875 0.454545 1 -0.647059 
0.152586 0.975027 0.772105
0.6875 0.454545 1 -0.529412 
0.998191 0.0949016 -0.723327
0.75 -0.181818 1 -0.294118 
0.836415 0.714004 -0.291983
0.75 -5.96046e-08 0.777778 -0.0588235 
0.707182 0.452907 -0.366596
0.75 -5.96046e-08 1 -0.176471 
0.732008 0.484383 -0.111145
0.75 0.090909 0.777778 -0.0588235 
0.601642 0.22727 -0.183795
0.75 0.090909 1 -0.176471 
0.9253 -0.067219 0.262288
0.75 0.181818 0.333333 0.0588236 
0.628192 0.983554 0.0686717
0.75 0.181818 0.777778 -0.0588235 
0.496727 0.738208 -0.00207394
0.75 0.181818 1 -0.176471 
0.999439 0.24271 0.579235
0.75 0.272727 0.111111 0.0588236 
0.687414 0.131339 0.4028
0.75 0.272727 0.555556 -0.0588235 
0.552415 -0.540166 0.347241
0.75 0.272727 0.777778 -0.176471 
0.419918 -0.766275 0.278281
0.75 0.272727 1 -0.294118 
0.96522 0.469061 0.885005
0.75 0.363636 0.111111 -0.0588235 
0.831341 -0.847281 0.87148
0.75 0.363636 0.333333 -0.176471 
0.626302 0.0713379 0.708597
0.75 0.363636 0.555556 -0.176471 
0.488535 -0.522638 0.657833
0.75 0.363636 0.777778 -0.294118 
0.355106 -0.722637 0.590487
0.75 0.363636 1 -0.411765 
0.311616 0.974938 0.912305
0.75 0.454545 1 -0.529412 
0.884705 0.0948629 -0.707241
0.8125 -0.181818 1 -0.294118 
0.800285 0.714009 -0.25436
0.8125 -5.96046e-08 0.777778 -0.0588235 
0.660059 0.452905 -0.305398
0.8125 -5.96046e-08 1 -0.176471 
0.728864 0.484454 -0.0581409
0.8125 0.090909 0.777778 -0.0588235 
0.587863 0.227321 -0.107049
0.8125 0.090909 1 -0.176471 
0.984065 -0.0671315 0.276053
0.8125 0.181818 0.333333 0.0588236 
0.65785 0.983629 0.136971
0.8125 0.181818 0.777778 -0.0588235 
0.516097 0.738292 0.0901288
0.8125 0.181818 1 -0.176471 
0.77419 0.131398 0.45574
0.8125 0.272727 0.555556 -0.0588235 
0.631595 -0.54011 0.424468
0.8125 0.272727 0.777778 -0.176471 
0.489136 -0.766212 0.379564
0.8125 0.272727 1 -0.294118 
0.997314 -0.847227 0.892308
0.8125 0.363636 0.333333 -0.176471 
0.767104 0.0713716 0.767505
0.8125 0.363636 0.555556 -0.176471 
0.622616 -0.522598 0.741435
0.8125 0.363636 0.777778 -0.294118 
0.47952 -0.722597 0.698282
0.8125 0.363636 1 -0.411765 
0.921668 0.160549 -0.9237
0.875 -0.272727 1 -0.411765 
0.921903 0.340186 -0.641391
0.875 -0.181818 0.777778 -0.176471 
0.77572 0.0948375 -0.6717
0.875 -0.181818 1 -0.294118 
0.77122 0.713972 -0.21104
0.875 -5.96046e-08 0.777778 -0.0588235 
0.624262 0.452889 -0.236953
0.875 -5.96046e-08 1 -0.176471 
0.734963 0.484439 -0.00539953
0.875 0.090909 0.777778 -0.0588235 
0.587611 0.227323 -0.0290801
0.875 0.090909 1 -0.176471 
0.698909 0.983617 0.19908
0.875 0.181818 0.777778 -0.0588235 
0.551175 0.738276 0.177565
0.875 0.181818 1 -0.176471 
0.868836 0.131411 0.492803
0.875 0.272727 0.555556 -0.0588235 
0.722976 -0.540081 0.486767
0.875 0.272727 0.777778 -0.176471 
0.574884 -0.766192 0.467283
0.875 0.272727 1 -0.294118 
0.915995 0.0714142 0.80106
0.875 0.363636 0.555556 -0.176471 
0.769176 -0.52255 0.800476
0.875 0.363636 0.777778 -0.294118 
0.62076 -0.72256 0.782827
0.875 0.363636 1 -0.411765 
0.923764 0.386783 -0.884758
0.9375 -0.272727 0.777778 -0.294118 
0.774538 0.160674 -0.891285
0.9375 -0.272727 1 -0.411765 
0.823791 0.340398 -0.613305
0.9375 -0.181818 0.777778 -0.176471 
0.674565 0.0950512 -0.61777
0.9375 -0.181818 1 -0.294118 
0.968483 -0.68261 -0.38768
0.9375 -0.0909091 0.555556 -0.0588235 
0.750135 0.714262 -0.163333
0.9375 -5.96046e-08 0.777778 -0.0588235 
0.600909 0.453172 -0.163333
0.9375 -5.96046e-08 1 -0.176471 
0.750135 0.48469 0.045478
0.9375 0.090909 0.777778 -0.0588235 
0.600909 0.227569 0.0477448
0.9375 0.090909 1 -0.176471 
0.750135 0.983813 0.25311
0.9375 0.181818 0.777778 -0.0588235 
0.600909 0.738464 0.257575
0.9375 0.181818 1 -0.176471 
0.968481 0.131587 0.512861
0.9375 0.272727 0.555556 -0.0588235 
0.823789 -0.539899 0.532245
0.9375 0.272727 0.777778 -0.176471 
0.674563 -0.766006 0.538772
0.9375 0.272727 1 -0.294118 
0.923758 -0.522419 0.833165
0.9375 0.363636 0.777778 -0.294118 
0.774533 -0.722419 0.841556
0.9375 0.363636 1 -0.411765 
0.78335 0.386994 -0.853299
1 -0.272727 0.777778 -0.294118 
0.635259 0.1609 -0.833814
1 -0.272727 1 -0.411765 
0.732036 0.340678 -0.568611
1 -0.181818 0.777778 -0.176471 
0.584303 0.0953329 -0.547096
1 -0.181818 1 -0.294118 
0.91371 -0.682323 -0.371542
1 -0.0909091 0.555556 -0.0588235 
0.73764 0.7146 -0.11269
1 -5.96046e-08 0.777778 -0.0588235 
0.590681 0.453522 -0.0867777
1 -5.96046e-08 1 -0.176471 
0.773898 0.485028 0.0929468
1 0.090909 0.777778 -0.0588235 
0.627334 0.227907 0.121092
1 0.090909 1 -0.176471 
0.809952 0.984117 0.29742
1 0.181818 0.777778 -0.0588235 
0.663769 0.73879 0.327729
1 0.181818 1 -0.176471 
0.930959 -0.53964 0.559522
1 0.272727 0.777778 -0.176471 
0.785134 -0.765744 0.591863
1 0.272727 1 -0.294118 
0.936161 -0.722211 0.872686
1 0.363636 1 -0.411765 
