374.255 141.412 -579.112
-130 50 80 40 
363.132 121.482 -591.873
-130 50 90 20 
343.55 138.411 -546.436
-130 50 90 30 
476.282 135.285 -547.415
-130 60 60 70 
400.866 140.787 -452.595
-130 60 80 60 
370.589 137.395 -419.56
-130 60 90 50 
587.38 147.946 -543.73
-130 70 40 90 
514.132 128.611 -467.385
-130 70 60 80 
443.97 140.087 -377.271
-130 70 80 70 
414.168 136.407 -343.838
-130 70 90 60 
593.106 126.644 -449.174
-130 80 50 90 
552.433 143.445 -396.093
-130 80 60 90 
523.726 124.742 -367.013
-130 80 70 80 
533.179 145.692 -273.567
-130 90 80 80 
504.403 141.775 -239.272
-130 90 90 70 
581.17 142.248 -233.298
-130 100 80 80 
552.914 138.391 -198.566
-130 100 90 70 
344.233 124.481 -582.386
-120 50 80 30 
332.839 141.411 -534.239
-120 50 80 40 
319.669 121.481 -544.875
-120 50 90 20 
308.275 138.411 -496.727
-120 50 90 30 
476.818 131.63 -590.772
-120 60 50 70 
438.821 135.283 -520.74
-120 60 60 70 
381.015 140.786 -414.264
-120 60 80 60 
356.935 137.394 -376.473
-120 60 90 50 
548.871 147.945 -536.402
-120 70 40 90 
489.993 128.61 -448.498
-120 70 60 80 
436.546 140.087 -347.569
-120 70 80 70 
413.002 136.407 -309.468
-120 70 90 60 
570.93 126.643 -444.276
-120 80 50 90 
540.092 143.445 -384.938
-120 80 60 90 
516.872 124.742 -351.315
-120 80 70 80 
595.527 128.921 -352.934
-120 90 60 90 
542.408 145.693 -260.93
-120 90 80 80 
520.024 141.776 -222.16
-120 90 90 70 
596.663 142.25 -229.608
-120 100 80 80 
574.868 138.393 -190.497
-120 100 90 70 
324.582 133.395 -570.482
-110 50 70 40 
302.71 124.485 -532.249
-110 50 80 30 
299.85 141.415 -482.855
-110 50 80 40 
285.033 121.484 -491.042
-110 50 90 20 
282.173 138.414 -441.648
-110 50 90 30 
431.825 131.634 -563.531
-110 60 50 70 
406.566 135.288 -487.965
-110 60 60 70 
368.129 140.79 -373.07
-110 60 80 60 
350.977 137.398 -331.672
-110 60 90 50 
512.224 147.949 -522.5
-110 70 40 90 
469.506 128.614 -425.708
-110 70 60 80 
434.396 140.091 -317.032
-110 70 80 70 
417.826 136.41 -275.422
-110 70 90 60 
597.191 128.24 -564.589
-110 80 30 90 
572.612 121.526 -500.521
-110 80 40 90 
549.945 126.648 -435.605
-110 80 50 90 
529.88 143.449 -371.815
-110 80 60 90 
512.852 124.745 -334.67
-110 80 70 80 
590.029 128.925 -349.923
-110 90 60 90 
553.694 145.695 -250.094
-110 90 80 80 
538.383 141.779 -208.025
-110 90 90 70 
597.891 138.395 -186.366
-110 100 90 70 
304.519 147.944 -555.106
-100 50 60 50 
285.628 123.027 -568.37
-100 50 70 30 
285.425 133.395 -517.116
-100 50 70 40 
270.524 124.485 -475.666
-100 50 80 30 
276.284 141.415 -426.526
-100 50 80 40 
260.271 121.485 -432.015
-100 50 90 20 
266.031 138.414 -382.875
-100 50 90 30 
392.244 131.635 -528.893
-100 60 50 70 
380.491 135.288 -450.089
-100 60 60 70 
362.588 140.79 -330.265
-100 60 80 60 
352.885 137.398 -286.517
-100 60 90 50 
478.546 147.949 -502.446
-100 70 40 90 
453.284 128.614 -399.707
-100 70 60 80 
437.58 140.09 -286.585
-100 70 80 70 
428.487 136.41 -242.73
-100 70 90 60 
554.913 128.24 -558.65
-100 80 30 90 
541.833 121.526 -491.287
-100 80 40 90 
530.783 126.647 -423.422
-100 80 50 90 
522.1 143.448 -357.117
-100 80 60 90 
511.78 124.744 -317.579
-100 80 70 80 
585.137 128.924 -346.002
-100 90 60 90 
566.689 145.694 -241.38
-100 90 80 80 
558.915 141.778 -197.292
-100 90 90 70 
259.636 137.576 -548.995
-90 50 60 40 
268.336 147.945 -498.484
-90 50 60 50 
247.428 123.027 -508.266
-90 50 70 30 
256.128 133.396 -457.755
-90 50 70 40 
248.652 124.486 -414.348
-90 50 80 30 
262.858 141.416 -366.955
-90 50 80 40 
246.134 121.486 -369.58
-90 50 90 20 
260.34 138.416 -322.187
-90 50 90 30 
364.118 140.016 -567.073
-90 60 40 70 
359.281 131.636 -487.903
-90 60 50 70 
361.39 135.29 -408.256
-90 60 60 70 
364.567 140.793 -287.145
-90 60 80 60 
362.608 137.401 -242.377
-90 60 90 50 
443.636 133.59 -592.849
-90 70 30 80 
448.863 147.952 -476.846
-90 70 40 90 
441.826 128.617 -371.281
-90 70 60 80 
446.003 140.094 -257.151
-90 70 80 70 
444.664 136.413 -212.384
-90 70 90 60 
514.309 128.243 -545.456
-90 80 30 90 
513.126 121.529 -476.845
-90 80 40 90 
514.029 126.65 -408.092
-90 80 50 90 
516.991 143.451 -341.287
-90 80 60 90 
513.693 124.748 -300.559
-90 80 70 80 
581 143.478 -502.621
-90 90 30 100 
581 143.643 -439.869
-90 90 40 100 
581 128.927 -341.287
-90 90 60 90 
581 145.698 -235.053
-90 90 80 80 
581 141.781 -190.285
-90 90 90 70 
207.101 137.577 -587.279
-80 50 60 20 
213.262 134.087 -535.469
-80 50 60 30 
225.194 137.579 -484.676
-80 50 60 40 
242.533 147.947 -436.444
-80 50 60 50 
201.947 133.396 -596.304
-80 50 70 0 
202.151 123.029 -545.05
-80 50 70 10 
220.244 123.03 -442.446
-80 50 70 30 
237.583 133.398 -394.214
-80 50 70 40 
237.758 124.489 -350.168
-80 50 80 30 
259.978 141.418 -305.962
-80 50 80 40 
243.052 121.488 -305.643
-80 50 90 20 
265.272 138.418 -261.437
-80 50 90 30 
309.513 128.296 -569.191
-80 60 40 60 
324.949 140.018 -520.623
-80 60 40 70 
333.932 131.638 -441.816
-80 60 50 70 
349.84 135.292 -363.745
-80 60 60 70 
374 140.795 -245.026
-80 60 80 60 
379.845 137.403 -200.598
-80 60 90 50 
398.783 133.592 -559.816
-80 70 30 80 
424.074 147.953 -446.483
-80 70 40 90 
435.475 128.619 -341.3
-80 70 60 80 
459.407 140.095 -229.63
-80 70 80 70 
465.862 136.415 -185.309
-80 70 90 60 
468.27 146.589 -591.353
-80 80 20 90 
476.612 128.244 -525.415
-80 80 30 90 
487.36 121.53 -457.641
-80 80 40 90 
500.188 126.651 -390.09
-80 80 50 90 
514.706 143.452 -324.815
-80 80 60 90 
518.531 124.749 -284.132
-80 80 70 80 
549.727 143.48 -494.812
-80 90 30 100 
560.623 143.645 -433.014
-80 90 40 100 
577.742 128.928 -335.93
-80 90 60 90 
596.19 145.699 -231.309
-80 90 80 80 
157.708 147.944 -563.697
-70 50 60 10 
166.809 137.577 -513.257
-70 50 60 20 
181.874 134.086 -463.303
-70 50 60 30 
202.444 137.578 -415.354
-70 50 60 40 
227.895 147.946 -370.865
-70 50 60 50 
160.167 133.396 -521.249
-70 50 70 0 
169.268 123.028 -470.809
-70 50 70 10 
204.903 123.029 -372.906
-70 50 70 30 
230.354 133.398 -328.417
-70 50 70 40 
238.175 124.488 -285.071
-70 50 80 30 
267.733 141.418 -245.395
-70 50 80 40 
251.121 121.488 -242.141
-70 50 90 20 
280.679 138.418 -202.465
-70 50 90 30 
250.848 124.348 -561.398
-70 60 40 50 
270.807 128.296 -513.226
-70 60 40 60 
294.442 140.017 -468.076
-70 60 40 70 
316.973 131.638 -392.027
-70 60 50 70 
346.196 135.291 -317.905
-70 60 60 70 
390.604 140.794 -205.184
-70 60 80 60 
404.076 137.402 -162.446
-70 60 90 50 
338.723 120.872 -565.375
-70 70 30 70 
360.349 133.591 -519.495
-70 70 30 80 
404.936 147.953 -412.274
-70 70 40 90 
434.428 128.618 -310.67
-70 70 60 80 
477.388 140.095 -204.852
-70 70 80 70 
491.441 136.415 -162.326
-70 70 90 60 
423.303 146.589 -562.618
-70 80 20 90 
442.969 128.244 -499.131
-70 80 30 90 
465.323 121.53 -434.253
-70 80 40 90 
489.686 126.652 -369.956
-70 80 50 90 
515.318 143.453 -308.193
-70 80 60 90 
526.149 124.75 -268.793
-70 80 70 80 
482.932 132.113 -584.321
-70 90 20 90 
520.287 143.48 -481.688
-70 90 30 100 
541.75 143.645 -422.721
-70 90 40 100 
575.466 128.929 -330.085
-70 90 60 90 
579.517 140.07 -503.246
-70 100 30 100 
122.263 147.944 -481.451
-60 50 60 10 
139.985 137.577 -433.358
-60 50 60 20 
163.496 134.087 -386.779
-60 50 60 30 
192.08 137.58 -343.13
-60 50 60 40 
224.87 147.949 -303.737
-60 50 60 50 
132.055 133.395 -440.075
-60 50 70 0 
149.777 123.029 -391.982
-60 50 70 10 
201.872 123.031 -301.754
-60 50 70 30 
234.662 133.4 -262.362
-60 50 70 40 
249.892 124.49 -221.031
-60 50 80 30 
285.891 141.421 -187.092
-60 50 80 40 
270.095 121.49 -181.002
-60 50 90 20 
306.094 138.42 -147.063
-60 50 90 30 
170.919 140.014 -588.741
-60 60 40 30 
190.314 128.294 -541.614
-60 60 40 40 
214.388 124.349 -495.36
-60 60 40 50 
242.409 128.297 -451.386
-60 60 40 60 
273.525 140.019 -411.027
-60 60 40 70 
158.919 131.633 -599.846
-60 60 50 10 
308.92 131.64 -340.046
-60 60 50 70 
350.571 135.294 -272.125
-60 60 60 70 
413.878 140.798 -168.828
-60 60 80 60 
434.566 137.406 -129.079
-60 60 90 50 
300.237 120.874 -514.536
-60 70 30 70 
329.502 133.593 -473.108
-60 70 30 80 
392.03 147.956 -375.261
-60 70 40 90 
438.718 128.623 -280.322
-60 70 60 80 
499.399 140.1 -183.572
-60 70 80 70 
520.623 136.419 -144.133
-60 70 90 60 
356.72 133.261 -569.078
-60 80 20 80 
384.011 146.591 -526.51
-60 80 20 90 
414.402 128.247 -467.402
-60 80 30 90 
447.682 121.534 -407.392
-60 80 40 90 
482.84 126.656 -348.302
-60 80 50 90 
518.808 143.457 -291.93
-60 80 60 90 
536.316 124.754 -255.009
-60 80 70 80 
438.965 132.115 -558.237
-60 90 20 90 
493.574 143.483 -463.651
-60 90 30 100 
524.95 143.648 -409.307
-60 90 40 100 
574.24 128.932 -323.934
-60 90 60 90 
495.26 128.878 -590.74
-60 100 20 90 
548.16 140.073 -495.167
-60 100 30 100 
579.511 140.236 -440.809
-60 100 40 100 
101.639 147.946 -394.302
-50 50 60 10 
127.443 137.58 -350.017
-50 50 60 20 
158.684 134.09 -308.229
-50 50 60 30 
194.414 137.582 -270.207
-50 50 60 40 
233.546 147.951 -237.107
-50 50 60 50 
118.467 133.398 -355.255
-50 50 70 0 
144.271 123.031 -310.97
-50 50 70 10 
211.242 123.034 -231.161
-50 50 70 30 
250.374 133.403 -198.061
-50 50 70 40 
272.549 124.493 -160.003
-50 50 80 30 
313.894 141.423 -132.83
-50 50 80 40 
299.397 121.493 -124.09
-50 50 90 20 
340.742 138.423 -96.9177
-50 50 90 30 
130.924 140.017 -508.411
-50 60 40 30 
158.208 128.297 -465.368
-50 60 40 40 
189.948 124.352 -423.998
-50 60 40 50 
225.179 128.3 -385.558
-50 60 40 60 
262.83 140.023 -351.216
-50 60 40 70 
117.179 131.635 -517.263
-50 60 50 10 
310.013 131.644 -287.46
-50 60 50 70 
362.825 135.297 -227.804
-50 60 60 70 
443.107 140.8 -137.069
-50 60 80 60 
470.384 137.409 -101.516
-50 60 90 50 
175.27 133.589 -579.269
-50 70 30 40 
204.192 120.873 -537.601
-50 70 30 50 
271.162 120.877 -457.791
-50 70 30 70 
307.176 133.596 -422.074
-50 70 30 80 
385.745 147.959 -336.571
-50 70 40 90 
448.209 128.625 -251.182
-50 70 60 80 
524.769 140.101 -166.44
-50 70 80 70 
552.519 136.421 -131.285
-50 70 90 60 
283.225 128.773 -560.707
-50 80 20 70 
317.316 133.263 -521.311
-50 80 20 80 
351.584 146.593 -484.129
-50 80 20 90 
391.777 128.249 -431.197
-50 80 30 90 
434.972 121.536 -377.878
-50 80 40 90 
479.856 126.658 -325.791
-50 80 50 90 
525.066 143.459 -276.521
-50 80 60 90 
548.719 124.755 -243.201
-50 80 70 80 
400.192 132.117 -524.917
-50 90 20 90 
470.397 143.485 -441.251
-50 90 30 100 
510.732 143.65 -393.181
-50 90 40 100 
574.098 128.935 -317.664
-50 90 60 90 
449.989 128.88 -566.701
-50 100 20 90 
518.681 140.074 -481.766
-50 100 30 100 
558.994 140.238 -433.677
-50 100 40 100 
566.685 147.662 -522.046
-50 110 30 100 
96.4583 147.945 -304.896
-40 50 60 10 
129.561 137.579 -265.765
-40 50 60 20 
167.584 134.089 -230.037
-40 50 60 30 
209.373 137.581 -198.797
-40 50 60 40 
253.659 147.951 -172.995
-40 50 60 50 
119.811 133.397 -269.365
-40 50 70 0 
152.914 123.03 -230.234
-40 50 70 10 
232.726 123.033 -163.266
-40 50 70 30 
277.012 133.402 -137.464
-40 50 70 40 
305.458 124.492 -103.835
-40 50 80 30 
350.894 141.423 -84.2546
-40 50 80 40 
338.134 121.492 -73.1301
-40 50 90 20 
383.57 138.422 -53.5498
-40 50 90 30 
105.484 140.016 -422.358
-40 60 40 30 
139.828 128.296 -384.707
-40 60 40 40 
178.27 124.351 -349.477
-40 60 40 50 
219.64 128.299 -317.738
-40 60 40 60 
262.684 140.022 -290.456
-40 60 40 70 
90.4101 131.634 -428.689
-40 60 50 10 
320.221 131.643 -235.861
-40 60 50 70 
382.589 135.296 -186.282
-40 60 60 70 
477.408 140.8 -110.867
-40 60 80 60 
510.443 137.408 -80.5908
-40 60 90 50 
136.851 133.588 -499.84
-40 70 30 40 
172.57 120.872 -463.827
-40 70 30 50 
252.382 120.875 -396.858
-40 70 30 70 
294.051 133.595 -367.938
-40 70 30 80 
90.836 147.945 -545.273
-40 70 40 10 
386.274 147.958 -297.378
-40 70 40 90 
462.617 128.624 -224.132
-40 70 60 80 
552.729 140.1 -153.971
-40 70 80 70 
586.163 136.42 -124.169
-40 70 90 60 
169.81 146.585 -568.665
-40 80 20 50 
206.993 133.258 -534.397
-40 80 20 60 
246.39 128.771 -500.306
-40 80 20 70 
286.805 133.262 -467.428
-40 80 20 80 
327.008 146.592 -436.761
-40 80 20 90 
145.973 128.238 -584.443
-40 80 30 30 
375.783 128.248 -391.613
-40 80 30 90 
132.143 121.522 -594.502
-40 80 40 10 
427.58 121.535 -346.604
-40 80 40 90 
480.828 126.657 -303.103
-40 80 50 90 
533.907 143.458 -262.432
-40 80 60 90 
562.987 124.755 -233.726
-40 80 70 80 
367.797 132.116 -485.371
-40 90 20 90 
451.463 143.484 -415.167
-40 90 30 100 
499.533 143.649 -374.832
-40 90 40 100 
575.05 128.933 -311.465
-40 90 60 90 
409.58 128.88 -535.168
-40 100 20 90 
491.977 140.075 -463.451
-40 100 30 100 
540.029 140.238 -423.094
-40 100 40 100 
451.09 136.98 -584.638
-40 110 20 90 
532.257 147.662 -511.455
-40 110 30 100 
580.29 147.817 -471.077
-40 110 40 100 
547.906 140.039 -596.743
-40 120 30 90 
106.885 147.946 -215.949
-30 50 60 10 
146.279 137.579 -183.161
-30 50 60 20 
189.929 134.09 -154.578
-30 50 60 30 
236.508 137.583 -131.07
-30 50 60 40 
284.601 147.952 -113.351
-30 50 60 50 
136.053 133.397 -185.013
-30 50 70 0 
175.447 123.031 -152.224
-30 50 70 10 
265.676 123.034 -100.134
-30 50 70 30 
313.769 133.403 -82.4142
-30 50 70 40 
347.623 124.494 -54.2359
-30 50 80 30 
395.769 141.424 -42.8432
-30 50 80 40 
385.135 121.493 -29.6717
-30 50 90 20 
433.28 138.424 -18.2791
-30 50 90 30 
95.3762 140.016 -333.193
-30 60 40 30 
135.737 128.297 -302.079
-30 60 40 40 
179.712 124.352 -274.059
-30 60 40 50 
225.965 128.301 -249.987
-30 60 40 60 
273.092 140.023 -230.594
-30 60 40 70 
79.4319 131.634 -336.811
-30 60 50 10 
339.235 131.644 -186.82
-30 60 50 70 
409.265 135.298 -148.824
-30 60 60 70 
515.739 140.802 -91.0205
-30 60 80 60 
553.53 137.41 -66.9405
-30 60 90 50 
112.812 133.589 -414.946
-30 70 30 40 
154.242 120.873 -385.683
-30 70 30 50 
244.47 120.877 -333.591
-30 70 30 70 
290.528 133.597 -312.345
-30 70 30 80 
59.6066 147.945 -451.698
-30 70 40 10 
393.602 147.96 -258.872
-30 70 40 90 
481.503 128.626 -199.996
-30 70 60 80 
582.43 140.102 -146.55
-30 70 80 70 
133.319 146.586 -488.448
-30 80 20 50 
175.887 133.26 -461.158
-30 80 20 60 
220.606 128.773 -434.426
-30 80 20 70 
266.115 133.264 -409.066
-30 80 20 80 
311.033 146.594 -385.846
-30 80 20 90 
107.105 128.238 -499.847
-30 80 30 30 
366.906 128.25 -349.853
-30 80 30 90 
91.7381 121.522 -507.351
-30 80 40 10 
425.732 121.537 -314.523
-30 80 40 90 
485.724 126.659 -280.93
-30 80 50 90 
545.059 143.46 -250.093
-30 80 60 90 
578.682 124.756 -226.873
-30 80 70 80 
165.046 132.11 -543.402
-30 90 20 50 
342.76 132.118 -440.799
-30 90 20 90 
103.352 143.471 -579.021
-30 90 30 20 
437.346 143.485 -386.19
-30 90 30 100 
93.6517 143.633 -584.622
-30 90 40 0 
491.689 143.651 -354.815
-30 90 40 100 
577.062 128.935 -305.525
-30 90 60 90 
197.549 128.872 -599.699
-30 100 20 50 
375.262 128.88 -497.095
-30 100 20 90 
468.861 140.075 -440.776
-30 100 30 100 
523.19 140.238 -409.376
-30 100 40 100 
366.124 124.26 -582.286
-30 110 20 80 
407.552 136.98 -553.022
-30 110 20 90 
500.193 147.662 -495.046
-30 110 30 100 
554.508 147.818 -463.621
-30 110 40 100 
500.795 140.039 -581.754
-30 120 30 90 
561.917 134.136 -550.401
-30 120 40 90 
132.597 147.946 -130.164
-20 50 60 10 
177.087 137.58 -104.714
-20 50 60 20 
225.037 134.09 -84.146
-20 50 60 30 
274.99 137.583 -69.0834
-20 50 60 40 
325.43 147.953 -59.9845
-20 50 60 50 
166.694 133.397 -104.762
-20 50 70 0 
211.184 123.031 -79.3128
-20 50 70 10 
309.087 123.035 -43.6819
-20 50 70 30 
359.527 133.404 -34.5829
-20 50 70 40 
397.76 124.494 -12.7113
-20 50 80 30 
447.152 141.425 -9.85229
-20 50 80 40 
100.904 140.016 -243.628
-20 60 40 30 
146.055 128.297 -219.994
-20 60 40 40 
194.227 124.352 -200.037
-20 60 40 50 
243.958 128.301 -184.363
-20 60 40 60 
293.736 140.024 -173.447
-20 60 40 70 
84.5737 131.634 -244.421
-20 60 50 10 
366.476 131.645 -141.824
-20 60 50 70 
442.04 135.3 -116.566
-20 60 60 70 
556.934 140.803 -78.1299
-20 60 80 60 
598.332 137.411 -60.978
-20 60 90 50 
103.879 133.589 -327.166
-20 70 30 40 
149.761 120.873 -305.541
-20 70 30 50 
247.665 120.877 -269.909
-20 70 30 70 
296.712 133.597 -256.984
-20 70 30 80 
45.0992 147.944 -354.12
-20 70 40 10 
407.506 147.961 -222.222
-20 70 40 90 
504.295 128.628 -179.505
-20 70 60 80 
111.311 146.586 -403.112
-20 80 20 50 
157.972 133.259 -383.629
-20 80 20 60 
206.653 128.773 -365.068
-20 80 20 70 
255.875 133.264 -347.996
-20 80 20 80 
304.142 146.595 -332.929
-20 80 20 90 
83.5159 128.237 -409.786
-20 80 30 30 
365.417 128.251 -307.185
-20 80 30 90 
67.0794 121.521 -414.508
-20 80 40 10 
429.484 121.539 -282.607
-20 80 40 90 
494.397 126.661 -259.942
-20 80 50 90 
558.185 143.462 -239.877
-20 80 60 90 
595.33 124.759 -222.848
-20 80 70 80 
133.014 132.11 -462.741
-20 90 20 50 
325.845 132.119 -392.557
-20 90 20 90 
66.0727 143.47 -487.106
-20 90 30 20 
428.475 143.488 -355.202
-20 90 30 100 
55.5463 143.632 -490.937
-20 90 40 0 
487.442 143.653 -333.74
-20 90 40 100 
580.077 128.937 -300.024
-20 90 60 90 
155.247 128.872 -523.827
-20 100 20 50 
348.077 128.881 -453.641
-20 100 20 90 
87.6309 140.06 -546.338
-20 100 30 20 
450.033 140.077 -414.431
-20 100 30 100 
77.0955 140.22 -550.142
-20 100 40 0 
508.988 140.241 -392.943
-20 100 40 100 
177.335 136.973 -584.512
-20 110 20 50 
226.382 124.257 -571.586
-20 110 20 60 
324.284 124.262 -535.951
-20 110 20 80 
370.164 136.982 -514.325
-20 110 20 90 
471.465 147.664 -473.317
-20 110 30 100 
530.411 147.82 -451.802
-20 110 40 100 
346.286 144.449 -596.401
-20 120 20 80 
416.246 120.9 -585.406
-20 120 30 80 
456.999 140.04 -558.813
-20 120 30 90 
522.637 134.137 -538.55
-20 120 40 90 
586.353 138.641 -512.592
-20 120 50 90 
172.815 147.945 -50.1478
-10 50 60 10 
221.048 137.58 -32.8108
-10 50 60 20 
271.842 134.09 -20.8814
-10 50 60 30 
323.652 137.583 -14.7221
-10 50 60 40 
374.905 147.953 -14.5202
-10 50 60 50 
210.805 133.397 -31.0531
-10 50 70 0 
259.038 123.031 -13.7161
-10 50 70 10 
121.901 140.016 -156.385
-10 60 40 30 
170.47 128.297 -140.951
-10 60 40 40 
221.376 124.352 -129.662
-10 60 40 50 
273.073 128.301 -122.862
-10 60 40 60 
323.99 140.024 -120.756
-10 60 40 70 
105.681 131.633 -154.331
-10 60 50 10 
401.116 131.645 -102.245
-10 60 50 70 
479.918 135.299 -90.492
-10 60 60 70 
599.741 140.803 -72.5905
-10 60 80 60 
110.325 133.588 -239.171
-10 70 30 40 
159.264 120.873 -225.842
-10 70 30 50 
261.868 120.877 -207.752
-10 70 30 70 
312.414 133.597 -203.541
-10 70 30 80 
47.7569 147.944 -255.509
-10 70 40 10 
427.561 147.961 -188.546
-10 70 40 90 
530.299 128.627 -163.285
-10 70 60 80 
104.455 146.584 -315.254
-10 80 20 50 
153.791 133.258 -304.169
-10 80 20 60 
204.955 128.772 -294.344
-10 80 20 70 
256.394 133.263 -286.078
-10 80 20 80 
306.545 146.594 -279.622
-10 80 20 90 
75.9233 128.236 -317
-10 80 30 30 
371.359 128.251 -264.909
-10 80 30 90 
58.9164 121.52 -318.796
-10 80 40 10 
438.72 121.538 -251.83
-10 80 40 90 
506.583 126.661 -240.781
-10 80 50 90 
572.886 143.462 -232.098
-10 80 60 90 
115.475 132.109 -377.746
-10 90 20 50 
317.563 132.119 -342.113
-10 90 20 90 
45.3188 143.469 -390.117
-10 90 30 20 
425.121 143.488 -323.147
-10 90 30 100 
34.2874 143.632 -392.062
-10 90 40 0 
486.918 143.654 -312.251
-10 90 40 100 
584.001 128.938 -295.132
-10 90 60 90 
126.763 128.871 -441.764
-10 100 20 50 
328.852 128.881 -406.129
-10 100 20 90 
56.2646 140.059 -452.192
-10 100 30 20 
436.067 140.078 -385.219
-10 100 30 100 
45.2283 140.219 -454.109
-10 100 40 0 
497.859 140.241 -374.294
-10 100 40 100 
595.384 125.749 -359.693
-10 100 60 90 
137.977 136.972 -505.363
-10 110 20 50 
188.524 124.256 -501.15
-10 110 20 60 
291.127 124.261 -483.057
-10 110 20 80 
340.065 136.981 -469.726
-10 110 20 90 
67.1471 147.647 -513.907
-10 110 30 20 
446.948 147.665 -446.931
-10 110 30 100 
56.1061 147.799 -515.798
-10 110 40 0 
508.735 147.821 -435.979
-10 110 40 100 
199.695 144.445 -564.503
-10 120 20 60 
251.392 140.5 -557.7
-10 120 20 70 
302.298 144.449 -546.408
-10 120 20 80 
122.425 140.028 -580.717
-10 120 30 30 
171.017 120.891 -583.368
-10 120 30 40 
373.104 120.9 -547.729
-10 120 30 80 
417.857 140.04 -528.617
-10 120 30 90 
106.216 134.121 -587.038
-10 120 40 10 
486.016 134.137 -520.059
-10 120 40 90 
553.271 138.642 -505.56
-10 120 50 90 
531.544 142.037 -595.268
-10 130 50 80 
157.728 140.016 -74.1128
0 60 40 30 
208.239 128.297 -67.347
0 60 40 40 
260.332 124.352 -65.0694
0 60 40 50 
312.425 128.301 -67.3494
0 60 40 60 
362.934 140.024 -74.1177
0 60 40 70 
142.111 131.634 -69.2731
0 60 50 10 
442.102 131.646 -69.2802
0 60 50 70 
521.748 135.3 -71.3899
0 60 60 70 
131.952 133.589 -153.631
0 70 30 40 
182.463 120.873 -149.003
0 70 30 50 
286.648 120.878 -149.004
0 70 30 70 
337.158 133.598 -153.634
0 70 30 80 
67.4982 147.944 -158.856
0 70 40 10 
453.159 147.961 -158.862
0 70 40 90 
558.722 128.627 -151.825
0 70 60 80 
112.96 146.585 -227.539
0 80 20 50 
163.47 133.259 -225.189
0 80 20 60 
215.564 128.773 -224.398
0 80 20 70 
267.656 133.264 -225.19
0 80 20 80 
318.166 146.595 -227.541
0 80 20 90 
84.5584 128.237 -224.304
0 80 30 30 
384.549 128.251 -224.306
0 80 30 90 
67.498 121.52 -223.119
0 80 40 10 
453.159 121.538 -223.122
0 80 40 90 
521.91 126.66 -224.026
0 80 50 90 
588.714 143.462 -226.988
0 80 60 90 
112.96 132.109 -290.995
0 90 20 50 
318.166 132.118 -290.995
0 90 20 90 
41.7218 143.469 -290.995
0 90 30 20 
427.383 143.487 -290.995
0 90 30 100 
30.5201 143.631 -290.995
0 90 40 0 
490.134 143.653 -290.995
0 90 40 100 
588.714 128.937 -290.995
0 90 60 90 
112.959 128.871 -356.001
0 100 20 50 
318.166 128.881 -355.999
0 100 20 90 
41.7215 140.059 -354.028
0 100 30 20 
427.383 140.076 -354.025
0 100 30 100 
30.5198 140.219 -354
0 100 40 0 
490.134 140.24 -353.996
0 100 40 100 
588.714 125.747 -356.551
0 100 60 90 
112.959 136.971 -420.581
0 110 20 50 
163.47 124.255 -425.209
0 110 20 60 
267.656 124.259 -425.208
0 110 20 80 
318.166 136.98 -420.578
0 110 20 90 
41.7212 147.646 -416.696
0 110 30 20 
427.383 147.663 -416.69
0 110 30 100 
30.5196 147.799 -416.64
0 110 40 0 
490.134 147.819 -416.633
0 110 40 100 
588.714 133.99 -421.666
0 110 60 90 
163.47 144.443 -489.54
0 120 20 60 
215.563 140.498 -491.817
0 120 20 70 
267.656 144.447 -489.537
0 120 20 80 
84.5577 140.027 -492.089
0 120 30 30 
131.951 120.89 -503.138
0 120 30 40 
337.158 120.898 -503.133
0 120 30 80 
384.55 140.039 -492.082
0 120 30 90 
67.4973 134.12 -495.499
0 120 40 10 
453.159 134.135 -495.49
0 120 40 90 
521.911 138.64 -492.89
0 120 50 90 
182.462 144.295 -575.567
0 130 30 50 
234.555 140.806 -578.495
0 130 30 60 
286.648 144.299 -575.564
0 130 30 70 
110.334 143.389 -576.327
0 130 40 20 
157.727 126.462 -590.531
0 130 40 30 
362.934 126.469 -590.525
0 130 40 70 
410.326 143.4 -576.318
0 130 40 80 
99.2742 142.022 -577.474
0 130 50 0 
484.936 142.035 -577.463
0 130 50 80 
521.748 122.29 -594.032
0 130 60 70 
599.451 136.068 -582.471
0 130 70 70 
258.215 128.292 -1.41672
10 60 40 40 
309.913 124.347 -8.21976
10 60 40 50 
360.82 128.296 -19.5111
10 60 40 60 
409.387 140.019 -34.9477
10 60 40 70 
488.194 131.641 -43.9316
10 60 50 70 
566.264 135.296 -59.84
10 60 60 70 
168.102 133.583 -73.1436
10 70 30 40 
218.65 120.867 -77.3569
10 70 30 50 
321.255 120.872 -95.4506
10 70 30 70 
370.194 133.592 -108.781
10 70 30 80 
103.718 147.94 -67.097
10 70 40 10 
483.528 147.956 -134.074
10 70 40 90 
588.71 128.623 -145.475
10 70 60 80 
136.564 146.58 -142.632
10 80 20 50 
186.717 133.253 -149.089
10 80 20 60 
238.157 128.767 -157.356
10 80 20 70 
289.322 133.258 -167.182
10 80 20 80 
338.657 146.589 -178.268
10 80 20 90 
109.155 128.232 -134.514
10 80 30 30 
404.595 128.246 -186.61
10 80 30 90 
92.5592 121.516 -130.385
10 80 40 10 
472.368 121.533 -197.359
10 80 40 90 
539.919 126.656 -210.187
10 80 50 90 
125.546 132.104 -205.125
10 90 20 50 
327.638 132.113 -240.759
10 90 20 90 
55.3885 143.465 -192.755
10 90 30 20 
435.198 143.483 -259.725
10 90 30 100 
44.3566 143.629 -190.809
10 90 40 0 
496.995 143.65 -270.622
10 90 40 100 
594.078 128.934 -287.74
10 90 60 90 
114.257 128.867 -269.145
10 100 20 50 
316.35 128.876 -304.777
10 100 20 90 
44.4426 140.055 -254.831
10 100 30 20 
424.252 140.073 -321.799
10 100 30 100 
33.4155 140.216 -252.858
10 100 40 0 
486.055 140.237 -332.667
10 100 40 100 
582.694 125.745 -352.302
10 100 60 90 
103.043 136.967 -332.744
10 110 20 50 
151.983 124.251 -346.074
10 110 20 60 
254.588 124.255 -364.164
10 110 20 80 
305.135 136.975 -368.376
10 110 20 90 
33.5604 147.643 -316.547
10 110 30 20 
413.371 147.659 -383.512
10 110 30 100 
22.5378 147.796 -314.547
10 110 40 0 
475.178 147.816 -394.353
10 110 40 100 
571.387 133.988 -416.427
10 110 60 90 
140.812 144.44 -409.428
10 120 20 60 
191.719 140.495 -420.717
10 120 20 70 
243.417 144.444 -427.517
10 120 20 80 
62.6547 140.024 -398.235
10 120 30 30 
107.41 120.887 -417.346
10 120 30 40 
309.503 120.895 -452.976
10 120 30 80 
358.094 140.036 -450.322
10 120 30 90 
45.2609 134.118 -398.63
10 120 40 10 
425.071 134.133 -465.592
10 120 40 90 
493.229 138.638 -474.969
10 120 50 90 
598.961 136.966 -494.593
10 120 70 80 
144.577 144.293 -497.446
10 130 30 50 
195.371 140.803 -509.376
10 130 30 60 
247.182 144.296 -515.535
10 130 30 70 
73.4114 143.387 -485.669
10 130 40 20 
117.619 126.459 -507.888
10 130 40 30 
319.712 126.466 -543.516
10 130 40 70 
368.851 143.397 -537.755
10 130 40 80 
62.3199 142.02 -484.878
10 130 50 0 
442.13 142.033 -551.838
10 130 50 80 
475.506 122.288 -574.547
10 130 60 70 
554.037 136.066 -576.654
10 130 70 70 
595.487 127.157 -591.554
10 130 80 60 
461.93 140.023 -4.44398
20 60 40 70 
537.979 131.645 -26.9755
20 60 50 70 
217.683 133.588 -0.161697
20 70 30 40 
266.73 120.873 -13.0883
20 70 30 50 
364.633 120.877 -48.7235
20 70 30 70 
410.513 133.597 -70.3493
20 70 30 80 
517.73 147.96 -114.937
20 70 40 90 
174.558 146.585 -63.1166
20 80 20 50 
222.826 133.258 -78.1842
20 80 20 60 
272.049 128.772 -95.2579
20 80 20 70 
320.729 133.263 -113.819
20 80 20 80 
367.389 146.594 -133.303
20 80 20 90 
148.976 128.236 -50.3625
20 80 30 30 
430.876 128.249 -152.968
20 80 30 90 
133.349 121.52 -43.4146
20 80 40 10 
495.753 121.537 -175.322
20 80 40 90 
560.049 126.659 -199.685
20 80 50 90 
152.854 132.107 -122.746
20 90 20 50 
345.686 132.116 -192.931
20 90 20 90 
85.9119 143.468 -98.3812
20 90 30 20 
448.318 143.485 -230.286
20 90 30 100 
75.3857 143.631 -94.5499
20 90 40 0 
507.284 143.651 -251.748
20 90 40 100 
599.919 128.936 -285.465
20 90 60 90 
130.621 128.87 -183.832
20 100 20 50 
323.453 128.879 -254.016
20 100 20 90 
64.3536 140.058 -157.613
20 100 30 20 
426.76 140.075 -289.515
20 100 30 100 
53.8371 140.218 -153.756
20 100 40 0 
485.736 140.239 -310.95
20 100 40 100 
577.498 125.747 -347.068
20 100 60 90 
108.533 136.97 -244.518
20 110 20 50 
154.415 124.254 -266.143
20 110 20 60 
252.319 124.258 -301.775
20 110 20 80 
301.366 136.978 -314.7
20 110 20 90 
42.9199 147.645 -216.502
20 110 30 20 
405.327 147.662 -348.401
20 110 30 100 
32.4129 147.799 -212.618
20 110 40 0 
464.313 147.818 -369.81
20 110 40 100 
555.227 133.99 -408.256
20 110 60 90 
132.413 144.442 -326.594
20 120 20 60 
180.586 140.497 -346.551
20 120 20 70 
230.317 144.446 -362.226
20 120 20 80 
57.3873 140.026 -302
20 120 30 30 
98.1441 120.889 -328.592
20 120 30 40 
290.977 120.897 -398.773
20 120 30 80 
339.291 140.038 -404.597
20 120 30 90 
40.1896 134.12 -299.369
20 120 40 10 
402.597 134.135 -431.265
20 120 40 90 
468.092 138.64 -452.336
20 120 50 90 
568.809 136.967 -490.022
20 120 70 80 
120.837 144.294 -413.929
20 130 30 50 
168.787 140.805 -434.498
20 130 30 60 
218.741 144.298 -449.56
20 130 30 70 
52.7977 143.389 -389.974
20 130 40 20 
92.4754 126.461 -419.531
20 130 40 30 
285.309 126.468 -489.71
20 130 40 70 
334.702 143.399 -492.569
20 130 40 80 
42.0123 142.021 -387.269
20 130 50 0 
404.422 142.035 -519.163
20 130 50 80 
433.347 122.289 -547.323
20 130 60 70 
510.318 136.067 -563.035
20 130 70 70 
548.551 127.158 -584.906
20 130 80 60 
136.917 146.2 -538.021
20 140 50 30 
184.676 143.272 -559.117
20 140 50 40 
234.822 146.203 -573.651
20 140 50 50 
120.836 138.33 -542.149
20 140 60 10 
164.756 129.631 -569.166
20 140 60 20 
212.514 126.703 -590.262
20 140 60 30 
154.133 126.122 -569.75
20 140 70 0 
589.961 131.641 -18.9216
30 60 50 70 
415.47 120.872 -10.2372
30 70 30 70 
456.899 133.593 -39.502
30 70 30 80 
554.746 147.957 -102.031
30 70 40 90 
270.7 133.253 -14.6258
30 80 20 60 
316.21 128.767 -39.9879
30 80 20 70 
360.929 133.258 -66.7206
30 80 20 80 
403.497 146.589 -94.0115
30 80 20 90 
462.605 128.246 -124.403
30 80 30 90 
522.615 121.534 -157.683
30 80 40 90 
581.704 126.657 -192.841
30 80 50 90 
194.052 132.103 -46.3604
30 90 20 50 
371.769 132.113 -148.966
30 90 20 90 
132.357 143.464 -10.7406
30 90 30 20 
466.356 143.483 -203.575
30 90 30 100 
122.655 143.627 -5.13927
30 90 40 0 
520.7 143.649 -234.951
30 90 40 100 
161.549 128.866 -102.658
30 100 20 50 
339.267 128.875 -205.262
30 100 20 90 
100.84 140.054 -65.3296
30 100 30 20 
434.84 140.073 -258.161
30 100 30 100 
91.1522 140.215 -59.7039
30 100 40 0 
489.199 140.237 -289.512
30 100 40 100 
573.295 125.746 -341.015
30 100 60 90 
129.258 136.965 -158.587
30 110 20 50 
170.688 124.249 -187.852
30 110 20 60 
260.919 124.254 -239.944
30 110 20 80 
306.977 136.975 -261.19
30 110 20 90 
69.505 147.641 -119.602
30 110 30 20 
403.508 147.659 -312.432
30 110 30 100 
59.8313 147.794 -113.953
30 110 40 0 
457.881 147.816 -343.758
30 110 40 100 
540.738 133.988 -397.407
30 110 60 90 
138.522 144.437 -243.564
30 120 20 60 
182.498 140.493 -271.584
30 120 20 70 
228.753 144.442 -295.656
30 120 20 80 
68.9056 140.022 -206.315
30 120 30 30 
104.426 120.885 -239.581
30 120 30 40 
282.147 120.893 -342.182
30 120 30 80 
328.715 140.035 -356.308
30 120 30 90 
52.425 134.116 -200.737
30 120 40 10 
386.43 134.132 -393.564
30 120 40 90 
447.271 138.637 -425.687
30 120 50 90 
539.915 136.966 -480.289
30 120 70 80 
574.599 126.893 -507.029
30 120 80 70 
111.956 144.291 -327.562
30 130 30 50 
155.607 140.802 -356.145
30 130 30 60 
202.188 144.295 -379.654
30 130 30 70 
49.1099 143.385 -292.155
30 130 40 20 
83.0528 126.457 -328.154
30 130 40 30 
260.773 126.465 -430.753
30 130 40 70 
308.92 143.397 -442.146
30 130 40 80 
38.9575 142.018 -287.618
30 130 50 0 
372.963 142.033 -480.443
30 130 50 80 
396.559 122.287 -513.197
30 130 60 70 
469.633 136.066 -542.036
30 130 70 70 
503.487 127.156 -570.214
30 130 80 60 
540.998 124.156 -594.779
30 130 90 50 
106.245 146.198 -452.561
30 140 50 30 
149.615 143.27 -481.63
30 140 50 40 
196.476 146.201 -504.651
30 140 50 50 
89.6906 138.327 -453.834
30 140 60 10 
128.252 129.629 -488.067
30 140 60 20 
171.622 126.701 -517.136
30 140 60 30 
218.483 129.632 -540.157
30 140 60 40 
267.411 138.334 -556.432
30 140 60 50 
117.688 126.12 -486.798
30 140 70 0 
295.409 126.126 -589.396
30 140 70 40 
344.918 140.333 -598.429
30 140 70 50 
507.933 133.593 -17.1773
40 70 30 80 
593.435 147.958 -95.7476
40 70 40 90 
408.695 133.259 -27.3172
40 80 20 80 
445.878 146.59 -61.5854
40 80 20 90 
498.81 128.247 -101.779
40 80 30 90 
552.129 121.535 -144.974
40 80 40 90 
405.089 132.114 -110.195
40 90 20 90 
488.755 143.484 -180.399
40 90 30 100 
536.826 143.65 -220.735
40 90 40 100 
206.103 128.866 -28.0865
40 100 20 50 
363.304 128.875 -159.992
40 100 20 90 
448.24 140.073 -228.684
40 100 30 100 
496.329 140.237 -268.997
40 100 40 100 
570.204 125.746 -334.321
40 100 60 90 
164.591 136.964 -77.5592
40 110 20 50 
200.311 124.249 -113.573
40 110 20 60 
280.124 124.254 -180.543
40 110 20 80 
321.794 136.974 -209.463
40 110 20 90 
112.516 147.641 -28.7905
40 110 30 20 
407.96 147.659 -276.689
40 110 30 100 
103.97 147.794 -21.5467
40 110 40 0 
456.067 147.816 -316.981
40 110 40 100 
528.35 133.988 -384.203
40 110 60 90 
158.959 144.437 -162.854
40 120 20 60 
197.401 140.492 -198.084
40 120 20 70 
238.773 144.441 -229.823
40 120 20 80 
96.868 140.021 -114.081
40 120 30 30 
126.072 120.884 -153.01
40 120 30 40 
283.276 120.893 -284.913
40 120 30 80 
326.685 140.034 -306.911
40 120 30 90 
81.6065 134.115 -105.727
40 120 40 10 
377.053 134.132 -353.623
40 120 40 90 
431.392 138.637 -395.824
40 120 50 90 
513.146 136.966 -465.683
40 120 70 80 
542.661 126.893 -498.04
40 120 80 70 
575.696 123.501 -528.317
40 120 90 60 
118.21 144.29 -240.964
40 130 30 50 
156.234 140.8 -276.692
40 130 30 60 
198.025 144.294 -307.932
40 130 30 70 
62.466 143.384 -195.181
40 130 40 20 
89.6423 126.456 -236.527
40 130 40 30 
246.847 126.464 -368.429
40 130 40 70 
292.284 143.396 -388.009
40 130 40 80 
53.2556 142.017 -188.95
40 130 50 0 
348.704 142.032 -436.845
40 130 50 80 
366.254 122.286 -473.199
40 130 60 70 
433.211 136.065 -514.289
40 130 70 70 
461.657 127.155 -547.918
40 130 80 60 
494.334 124.155 -578.623
40 130 90 50 
90.8783 146.195 -363.073
40 140 50 30 
128.542 143.267 -399.232
40 140 50 40 
170.694 146.199 -430.041
40 140 50 50 
74.3543 138.325 -361.452
40 140 60 10 
106.386 129.627 -401.861
40 140 60 20 
144.05 126.699 -438.02
40 140 60 30 
186.202 129.63 -468.829
40 140 60 40 
231.561 138.332 -493.353
40 140 60 50 
96.2027 126.117 -398.776
40 140 70 0 
253.409 126.124 -530.677
40 140 70 40 
300.597 140.331 -548.17
40 140 70 50 
328.123 132.855 -582.898
40 140 80 40 
562.071 133.589 -4.05493
50 70 30 80 
493.247 146.585 -37.0132
50 80 20 90 
538.396 128.243 -85.7882
50 80 30 90 
583.404 121.532 -137.586
50 80 40 90 
444.636 132.109 -77.8016
50 90 20 90 
514.842 143.48 -161.469
50 90 30 100 
555.177 143.648 -209.539
50 90 40 100 
394.839 128.872 -119.586
50 100 20 90 
466.556 140.07 -201.984
50 100 30 100 
506.915 140.235 -250.036
50 100 40 100 
568.324 125.744 -327.196
50 100 60 90 
213.456 136.961 -3.89738
50 110 20 50 
242.379 124.245 -45.5672
50 110 20 60 
309.352 124.25 -125.38
50 110 20 80 
345.367 136.971 -161.098
50 110 20 90 
418.552 147.656 -242.265
50 110 30 100 
458.932 147.813 -290.299
50 110 40 100 
518.444 133.986 -369.052
50 110 60 90 
591.124 149.748 -446.744
50 110 80 80 
193.098 144.433 -86.9193
50 120 20 60 
224.839 140.488 -128.29
50 120 20 70 
260.072 144.438 -166.732
50 120 20 80 
140.419 140.018 -28.1049
50 120 30 30 
162.42 120.881 -71.5141
50 120 30 40 
294.333 120.889 -228.713
50 120 30 80 
333.263 140.031 -257.915
50 120 30 90 
126.84 134.112 -17.2266
50 120 40 10 
374.755 134.129 -312.665
50 120 40 90 
420.941 138.635 -363.66
50 120 50 90 
489.322 136.964 -446.655
50 120 70 80 
512.769 126.891 -483.645
50 120 80 70 
540.046 123.5 -519.198
50 120 90 60 
139.404 144.287 -156.766
50 130 30 50 
170.647 140.797 -198.555
50 130 30 60 
206.378 144.291 -236.578
50 130 30 70 
92.4569 143.382 -101.998
50 130 40 20 
112.041 126.454 -147.436
50 130 40 30 
243.954 126.461 -304.634
50 130 40 70 
285.302 143.393 -331.807
50 130 40 80 
84.4686 142.015 -94.262
50 130 50 0 
332.385 142.03 -389.698
50 130 50 80 
343.355 122.284 -428.547
50 130 60 70 
402.159 136.063 -480.64
50 130 70 70 
424.334 127.154 -518.698
50 130 80 60 
451.182 124.153 -554.61
50 130 90 50 
91.2844 146.193 -272.274
50 140 50 30 
122.097 143.265 -314.424
50 140 50 40 
158.259 146.197 -352.085
50 140 50 50 
75.2931 138.323 -267.807
50 140 60 10 
99.8209 129.625 -313.165
50 140 60 20 
130.634 126.697 -355.315
50 140 60 30 
166.795 129.628 -392.976
50 140 60 40 
207.207 138.33 -425.004
50 140 60 50 
90.3281 126.116 -308.359
50 140 70 0 
222.242 126.122 -465.556
50 140 70 40 
265.676 140.33 -490.978
50 140 70 50 
286.753 132.853 -529.957
50 140 80 40 
313.231 130.336 -566.18
50 140 90 30 
358.368 149.617 -584.223
50 140 90 40 
544.16 146.586 -21.0375
60 80 20 90 
580.153 128.243 -76.9117
60 80 30 90 
489.205 132.11 -52.7655
60 90 20 90 
543.815 143.481 -147.353
60 90 30 100 
575.191 143.648 -201.697
60 90 40 100 
432.909 128.872 -85.2691
60 100 20 90 
489.229 140.07 -178.869
60 100 30 100 
520.63 140.235 -233.199
60 100 40 100 
567.708 125.745 -319.85
60 100 60 90 
347.716 124.252 -76.1303
60 110 20 80 
376.981 136.972 -117.559
60 110 20 90 
434.959 147.657 -210.202
60 110 30 100 
466.384 147.815 -264.517
60 110 40 100 
511.316 133.988 -352.407
60 110 60 90 
569.401 149.749 -441.54
60 110 80 80 
590.625 146.069 -480.979
60 110 90 70 
239.907 144.436 -18.0667
60 120 20 60 
263.982 140.491 -64.3207
60 120 20 70 
292.003 144.44 -108.296
60 120 20 80 
314.981 120.892 -175.285
60 120 30 80 
348.248 140.033 -210.803
60 120 30 90 
379.602 134.131 -271.925
60 120 40 90 
416.231 138.637 -330.165
60 120 50 90 
469.162 136.966 -423.773
60 120 70 80 
485.829 126.893 -464.273
60 120 80 70 
506.517 123.502 -504.022
60 120 90 60 
174.9 144.289 -77.5288
60 130 30 50 
198.412 140.8 -124.108
60 130 30 60 
226.998 144.293 -167.757
60 130 30 70 
138.177 143.384 -15.4415
60 130 40 20 
149.573 126.456 -63.5888
60 130 40 30 
252.185 126.464 -241.304
60 130 40 70 
288.185 143.395 -275.243
60 130 40 80 
131.654 142.017 -6.43596
60 130 50 0 
324.5 142.032 -340.431
60 130 50 80 
328.557 122.287 -380.595
60 130 60 70 
377.422 136.066 -442.107
60 130 70 70 
392.652 127.156 -483.437
60 130 80 60 
412.856 124.156 -523.466
60 130 90 50 
107.455 146.196 -182.926
60 140 50 30 
130.48 143.268 -229.785
60 140 50 40 
159.552 146.2 -273.153
60 140 50 50 
92.4818 138.326 -175.751
60 140 60 10 
108.761 129.628 -224.678
60 140 60 20 
131.786 126.7 -271.538
60 140 60 30 
160.858 129.631 -314.906
60 140 60 40 
195.094 138.333 -353.465
60 140 60 50 
100.247 126.118 -218.297
60 140 70 0 
202.859 126.125 -396.011
60 140 70 40 
241.219 140.332 -428.588
60 140 70 50 
255.207 132.856 -470.635
60 140 80 40 
274.993 130.339 -510.905
60 140 90 30 
316.31 149.62 -536.511
60 140 90 40 
597.074 146.587 -14.1478
70 80 20 90 
537.445 132.112 -35.8509
70 90 20 90 
574.8 143.482 -138.484
70 90 30 100 
596.262 143.65 -197.45
70 90 40 100 
476.36 128.874 -58.084
70 100 20 90 
515.571 140.072 -160.041
70 100 30 100 
537.06 140.237 -218.998
70 100 40 100 
568.375 125.747 -312.507
70 100 60 90 
394.048 124.254 -34.2908
70 110 20 80 
415.674 136.974 -80.1717
70 110 20 90 
456.684 147.66 -181.474
70 110 30 100 
478.2 147.817 -240.421
70 110 40 100 
507.188 133.99 -334.777
70 110 60 90 
548.912 149.751 -432.642
70 110 80 80 
562.965 146.071 -475.168
70 110 90 70 
313.637 140.493 -8.12096
70 120 20 70 
333.597 144.442 -56.2934
70 120 20 80 
344.593 120.894 -126.255
70 120 30 80 
371.187 140.035 -167.009
70 120 30 90 
391.451 134.133 -232.647
70 120 40 90 
417.41 138.639 -296.363
70 120 50 90 
453.281 136.968 -397.74
70 120 70 80 
462.663 126.896 -440.518
70 120 80 70 
476.135 123.504 -483.256
70 120 90 60 
223.616 144.29 -5.65968
70 130 30 50 
238.682 140.801 -55.6138
70 130 30 60 
259.254 144.295 -103.563
70 130 30 70 
271.287 126.466 -180.366
70 130 40 70 
300.847 143.397 -220.041
70 130 40 80 
325.29 142.034 -290.544
70 130 50 80 
322.312 122.289 -330.802
70 130 60 70 
359.753 136.068 -399.865
70 130 70 70 
367.574 127.158 -443.212
70 130 80 60 
380.52 124.158 -486.141
70 130 90 50 
138.892 146.197 -97.743
70 140 50 30 
153.431 143.269 -147.889
70 140 50 40 
174.531 146.2 -195.646
70 140 50 50 
125.393 138.326 -88.0771
70 140 60 10 
132.928 129.628 -139.088
70 140 60 20 
147.467 126.701 -189.234
70 140 60 30 
168.567 129.632 -236.992
70 140 60 40 
195.587 138.334 -280.909
70 140 60 50 
125.652 126.119 -131.325
70 140 70 0 
195.846 126.126 -324.158
70 140 70 40 
227.966 140.333 -362.901
70 140 70 50 
234.44 132.857 -406.738
70 140 80 40 
246.932 130.34 -449.832
70 140 90 30 
283.175 149.621 -482.224
70 140 90 40 
587.89 132.108 -27.57
80 90 20 90 
523.872 128.87 -38.8579
80 100 20 90 
544.782 140.069 -146.076
80 100 30 100 
555.708 140.234 -207.869
80 100 40 100 
570.31 125.744 -305.396
80 100 60 90 
591.626 142.263 -409.511
80 100 80 80 
598.73 138.406 -453.716
80 100 90 70 
446.941 124.249 -1.13249
80 110 20 80 
460.272 136.97 -50.0724
80 110 20 90 
483.068 147.656 -156.958
80 110 30 100 
494.021 147.814 -218.747
80 110 40 100 
506.184 133.987 -316.704
80 110 60 90 
530.281 149.749 -420.328
80 110 80 80 
536.736 146.069 -464.648
80 110 90 70 
383.587 144.438 -12.3037
80 120 20 80 
382.267 120.89 -83.1121
80 120 30 80 
401.381 140.031 -127.866
80 120 30 90 
409.939 134.13 -196.027
80 120 40 90 
424.44 138.636 -263.283
80 120 50 90 
442.163 136.966 -369.349
80 120 70 80 
443.974 126.893 -413.107
80 120 80 70 
449.819 123.501 -457.534
80 120 90 60 
302.165 144.292 -45.946
80 130 30 70 
300.679 126.463 -123.672
80 130 40 70 
322.901 143.395 -167.878
80 130 40 80 
334.73 142.032 -241.554
80 130 50 80 
324.806 122.287 -280.684
80 130 60 70 
349.686 136.066 -355.199
80 130 70 70 
349.861 127.156 -399.245
80 130 80 60 
355.156 124.156 -443.77
80 130 90 50 
184.642 146.194 -19.3121
80 140 50 30 
190.252 143.266 -71.2216
80 140 50 40 
202.738 146.197 -121.918
80 140 50 50 
173.026 138.324 -7.44793
80 140 60 10 
171.589 129.625 -58.9933
80 140 60 20 
177.199 126.698 -110.903
80 140 60 30 
189.685 129.629 -161.599
80 140 60 40 
208.669 138.331 -209.543
80 140 60 50 
165.771 126.116 -50.0838
80 140 70 0 
201.414 126.123 -252.178
80 140 70 40 
226.318 140.331 -295.911
80 140 70 50 
225.082 132.855 -340.206
80 140 80 40 
229.901 130.337 -384.815
80 140 90 30 
259.969 149.619 -423.009
80 140 90 40 
573.998 128.871 -28.1751
90 100 20 90 
575.973 140.071 -137.395
90 100 30 100 
576.002 140.236 -200.147
90 100 40 100 
573.447 125.747 -298.728
90 100 60 90 
576.36 142.265 -404.961
90 100 80 80 
575.68 138.408 -449.728
90 100 90 70 
509.417 136.971 -28.175
90 110 20 90 
513.307 147.657 -137.395
90 110 30 100 
513.364 147.815 -200.147
90 110 40 100 
508.332 133.989 -298.727
90 110 60 90 
514.069 149.751 -404.961
90 110 80 80 
512.73 146.071 -449.729
90 110 90 70 
426.86 120.891 -47.1673
90 120 30 80 
437.912 140.033 -94.5606
90 120 30 90 
434.505 134.131 -163.172
90 120 40 90 
437.106 138.637 -231.924
90 120 50 90 
436.142 136.967 -339.456
90 120 70 80 
430.327 126.895 -382.863
90 120 80 70 
428.368 123.503 -427.631
90 120 90 60 
339.468 126.463 -72.943
90 130 40 70 
353.675 143.395 -120.336
90 130 40 80 
352.532 142.032 -194.948
90 130 50 80 
335.964 122.287 -231.76
90 130 60 70 
347.526 136.067 -309.463
90 130 70 70 
340.05 127.157 -352.871
90 130 80 60 
337.532 124.157 -397.639
90 130 90 50 
239.826 143.267 -2.11368
90 140 50 40 
243.32 146.199 -54.2085
90 140 50 50 
220.081 126.699 -38.9254
90 140 60 30 
223.574 129.63 -91.0202
90 140 60 40 
233.945 138.332 -141.532
90 140 60 50 
219.396 126.125 -182.26
90 140 70 40 
236.328 140.332 -229.653
90 140 70 50 
227.419 132.856 -273.061
90 140 80 40 
224.419 130.339 -317.828
90 140 90 30 
247.398 149.62 -360.664
90 140 90 40 
597.33 140.238 -196.063
100 100 40 100 
577.696 125.748 -292.702
100 100 60 90 
562.117 142.266 -397.827
100 100 80 80 
553.674 138.41 -441.796
100 100 90 70 
561.62 136.973 -15.1426
100 110 20 90 
546.485 147.659 -123.379
100 110 30 100 
535.645 147.817 -185.186
100 110 40 100 
513.571 133.991 -281.395
100 110 60 90 
500.773 149.753 -387.01
100 110 80 80 
491.68 146.073 -430.865
100 110 90 70 
477.02 120.893 -19.5104
100 120 30 80 
479.674 140.035 -68.1024
100 120 30 90 
464.404 134.133 -135.079
100 120 40 90 
455.028 138.64 -203.238
100 120 50 90 
435.405 136.969 -308.969
100 120 70 80 
422.14 126.897 -350.707
100 120 80 70 
412.438 123.505 -394.455
100 120 90 60 
386.479 126.466 -29.7189
100 130 40 70 
392.241 143.398 -78.8589
100 130 40 80 
378.159 142.035 -152.138
100 130 50 80 
355.45 122.289 -185.514
100 130 60 70 
353.344 136.069 -264.044
100 130 70 70 
338.444 127.159 -305.494
100 130 80 60 
328.19 124.159 -349.144
100 130 90 50 
269.208 129.633 -27.3972
100 140 60 40 
270.65 138.335 -78.9416
100 140 60 50 
249.25 126.127 -116.525
100 140 70 40 
257.695 140.335 -166.138
100 140 70 50 
241.384 132.859 -207.339
100 140 80 40 
230.655 130.342 -250.905
100 140 90 30 
245.847 149.623 -297.079
100 140 90 40 
592.887 141.793 -451.821
110 90 90 70 
582.929 125.747 -287.505
110 100 60 90 
549.332 142.265 -388.328
110 100 80 80 
533.381 138.408 -430.163
110 100 90 70 
581.595 147.66 -115.334
110 110 30 100 
560.187 147.817 -174.32
110 110 40 100 
521.741 133.99 -265.234
110 110 60 90 
490.798 149.751 -367.023
110 110 80 80 
474.228 146.071 -408.633
110 110 90 70 
531.222 120.893 -0.982006
110 120 30 80 
525.398 140.035 -49.2965
110 120 30 90 
498.73 134.133 -112.604
110 120 40 90 
477.66 138.638 -178.099
110 120 50 90 
439.975 136.968 -278.816
110 120 70 80 
419.664 126.895 -317.617
110 120 80 70 
402.513 123.504 -359.015
110 120 90 60 
437.426 143.397 -44.7073
110 130 40 80 
410.832 142.033 -114.428
110 130 50 80 
382.673 122.288 -143.353
110 130 60 70 
366.962 136.067 -220.325
110 130 70 70 
345.09 127.158 -258.558
110 130 80 60 
327.413 124.157 -299.764
110 130 90 50 
317.668 138.333 -23.6742
110 140 60 50 
290.066 126.126 -56.9705
110 140 70 40 
289.768 140.333 -107.296
110 140 70 50 
266.549 132.857 -145.038
110 140 80 40 
248.418 130.339 -186.08
110 140 90 30 
255.361 149.621 -234.191
110 140 90 40 
592.639 145.71 -408.078
120 90 80 80 
570.255 141.794 -446.848
120 90 90 70 
588.981 125.748 -283.299
120 100 60 90 
538.387 142.266 -376.756
120 100 80 80 
515.414 138.409 -415.186
120 100 90 70 
586.238 147.817 -167.885
120 110 40 100 
532.59 133.991 -250.742
120 110 60 90 
484.441 149.752 -345.611
120 110 80 80 
460.897 146.072 -383.711
120 110 90 70 
573.688 140.034 -38.7188
120 120 30 90 
536.431 134.132 -96.434
120 120 40 90 
504.308 138.638 -157.276
120 120 50 90 
449.707 136.968 -249.919
120 120 70 80 
422.967 126.896 -284.603
120 120 80 70 
398.887 123.504 -322.394
120 120 90 60 
487.848 143.396 -18.9229
120 130 40 80 
449.552 142.033 -82.9665
120 130 50 80 
416.798 122.288 -106.562
120 130 60 70 
387.959 136.068 -179.637
120 130 70 70 
359.781 127.158 -213.491
120 130 80 60 
335.217 124.158 -251.002
120 130 90 50 
340.599 126.127 -5.41169
120 140 70 40 
331.566 140.334 -54.9211
120 140 70 50 
302.146 132.858 -88.0582
120 140 80 40 
277.164 130.341 -125.328
120 140 90 30 
275.647 149.622 -173.914
120 140 90 40 
577.607 145.709 -403.724
130 90 80 80 
548.831 141.792 -438.018
130 90 90 70 
595.673 125.748 -280.205
130 100 60 90 
529.618 142.266 -363.457
130 100 80 80 
500.321 138.409 -397.314
130 100 90 70 
545.792 133.991 -238.351
130 110 60 90 
481.901 149.752 -323.418
130 110 80 80 
452.098 146.072 -356.851
130 110 90 70 
576.371 134.133 -87.0545
130 120 40 90 
534.17 138.639 -141.394
130 120 50 90 
464.311 136.969 -223.149
130 120 70 80 
431.954 126.896 -252.663
130 120 80 70 
401.678 123.505 -285.698
130 120 90 60 
541.985 143.396 -2.28494
130 130 40 80 
493.149 142.033 -58.7056
130 130 50 80 
456.795 122.288 -76.2553
130 130 60 70 
415.706 136.068 -143.212
130 130 70 70 
382.077 127.158 -171.659
130 130 80 60 
351.372 124.158 -204.335
130 130 90 50 
381.825 140.334 -10.5983
130 140 70 50 
347.098 132.858 -38.1234
130 140 80 40 
316.024 130.341 -70.4893
130 140 90 30 
306.093 149.622 -118.073
130 140 90 40 
563.559 145.711 -396.827
140 90 80 80 
529.265 141.795 -425.603
140 90 90 70 
523.292 142.267 -348.839
140 100 80 80 
488.561 138.411 -377.094
140 100 90 70 
560.945 133.993 -228.442
140 110 60 90 
483.253 149.754 -301.122
140 110 80 80 
448.098 146.074 -328.872
140 110 90 70 
566.337 138.642 -130.94
140 120 50 90 
483.343 136.971 -199.322
140 120 70 80 
446.352 126.899 -222.768
140 120 80 70 
410.8 123.507 -250.045
140 120 90 60 
540.298 142.036 -42.3854
140 130 50 80 
501.449 122.291 -53.3555
140 130 60 70 
449.357 136.071 -112.16
140 130 70 70 
411.299 127.161 -134.334
140 130 80 60 
375.387 124.161 -161.182
140 130 90 50 
363.818 130.344 -23.2324
140 140 90 30 
345.776 149.625 -68.3686
140 140 90 40 
599.457 136.424 -516.998
150 70 90 60 
550.924 145.71 -387.595
150 90 80 80 
512.154 141.794 -409.979
150 90 90 70 
519.603 142.266 -333.344
150 100 80 80 
480.493 138.409 -355.138
150 100 90 70 
577.59 133.992 -221.314
150 110 60 90 
488.458 149.753 -279.398
150 110 80 80 
449.018 146.073 -300.622
150 110 90 70 
599.832 138.641 -126.229
150 120 50 90 
506.224 136.97 -179.16
150 120 70 80 
465.725 126.898 -195.828
150 120 80 70 
425.975 123.506 -216.516
150 120 90 60 
589.566 142.036 -34.4986
150 130 50 80 
549.402 122.291 -38.5562
150 130 60 70 
487.89 136.07 -87.4209
150 130 70 70 
446.561 127.16 -102.65
150 130 80 60 
406.532 124.16 -122.854
150 130 90 50 
393.485 149.624 -26.3087
150 140 90 40 
565.411 136.423 -512.172
160 70 90 60 
540.086 145.71 -376.308
160 90 80 80 
498.018 141.794 -391.619
160 90 90 70 
518.659 142.267 -317.442
160 100 80 80 
476.359 138.41 -332.115
160 100 90 70 
595.219 133.993 -217.184
160 110 60 90 
497.355 149.754 -258.909
160 110 80 80 
454.829 146.074 -272.961
160 110 90 70 
532.257 136.971 -163.278
160 120 70 80 
489.478 126.898 -172.66
160 120 80 70 
446.741 123.507 -186.131
160 120 90 60 
599.194 122.292 -32.3076
160 130 60 70 
530.131 136.071 -69.7485
160 130 70 70 
486.785 127.161 -77.5695
160 130 80 60 
443.856 124.161 -90.5154
160 130 90 50 
576.5 137.408 -577.11
170 60 90 50 
576.571 140.103 -492.417
170 70 80 70 
532.716 136.423 -501.51
170 70 90 60 
531.366 145.71 -363.312
170 90 80 80 
487.279 141.793 -371.086
170 90 90 70 
520.489 142.267 -301.62
170 100 80 80 
476.283 138.41 -308.724
170 100 90 70 
509.673 149.754 -240.276
170 110 80 80 
465.352 146.074 -246.731
170 110 90 70 
560.651 136.971 -152.159
170 120 70 80 
516.893 126.899 -153.97
170 120 80 70 
472.465 123.507 -159.815
170 120 90 60 
574.799 136.071 -59.6822
170 130 70 70 
530.753 127.162 -59.8573
170 130 80 60 
486.228 124.162 -65.1519
170 130 90 50 
577.129 140.802 -565.427
180 60 80 60 
532.361 137.41 -567.385
180 60 90 50 
547.137 140.106 -483.992
180 70 80 70 
502.37 136.426 -485.331
180 70 90 60 
590.545 124.761 -416.304
180 80 70 80 
525.04 145.714 -349
180 90 80 80 
480.273 141.798 -349
180 90 90 70 
525.041 142.27 -286.357
180 100 80 80 
480.273 138.414 -285.677
180 100 90 70 
525.04 149.757 -224.067
180 110 80 80 
480.273 146.077 -222.728
180 110 90 70 
590.544 136.974 -146.142
180 120 70 80 
547.137 126.902 -140.326
180 120 80 70 
502.369 123.51 -138.368
180 120 90 60 
577.127 127.164 -50.0504
180 130 80 60 
532.36 124.164 -47.5332
180 130 90 50 
535.005 140.805 -555.99
190 60 80 60 
490.578 137.413 -550.144
190 60 90 50 
519.611 140.11 -470.583
190 70 80 70 
475.291 136.43 -464.129
190 70 90 60 
574.113 124.765 -411.463
190 80 70 80 
521.292 145.719 -333.807
190 90 80 80 
477.204 141.803 -326.033
190 90 90 70 
532.169 142.275 -272.116
190 100 80 80 
488.2 138.419 -263.672
190 100 90 70 
542.986 149.762 -210.774
190 110 80 80 
499.131 146.082 -201.681
190 110 90 70 
579.288 126.905 -132.144
190 120 80 70 
535.54 123.514 -122.441
190 120 90 60 
580.848 124.167 -38.1943
190 130 90 50 
