#front
view1: 0 200 2000 100 100 0  0 1 0 
#back
view1: 115 0 -1000 115 100 0 0 1 0
#top
view1: 150 1100 -0 50 0 -0 0 0 -1 
#left
view1: 1100 200 50 50 0 -0 0 1 0 

view1: 634 2366 3390 610 610 -412 0 0.9 -0.55
view1: 634 2366 3390 610 412 20 0 0.9 -0.55
#backview
view1: 634 2366 -3390 610 412 -402 0 0.9 -0.55
#topkview
view1: 612 4800 -400 610 0 -402 0 0 -1

#posa 1ºvindex 2ºangle
posa: 0,-90 1,0
posa: 0,90 1,0
posa: 0,0 1,-90
posa: 0,190 1,-90
posa: 0,-160 1,90
posa: 0,-120 1,90
posa: 0,-180 1,-90
posa: 0,80 1,-90

view1: 1791 1061 1346 610 610 -412 -0.15 1 -0.155
view1: -500 734 1443 610 610 -412 0 1 0

posad: 0,90
posad: 1,90
posad: 2,-90
posad: 0,0 1,90
posa: 0,0 1,90 2,90

posad: 0,0 1,90 2,90
posad: 0,90 1,90 2,0

posa: 0,90 1,90 2,0
posa: 0,0 1,90 2,-90
posa: 0,0 1,0
posa: 0,0 1,0
posa: 0,90 1,0
posa: 0,-90 1,0
posa: 0,-90 1,0
posa: 0,-90 1,90

movz: -1100
movz: 300
movz: 0
